Nr	Group	Position	Locus	LOD	# Iter.	mu_A	mu_H	mu_B	Variance	% Expl.	Additive	Cofactor
1	1	0	PVV4	13.37	3	23.0902	21.754	20.4179	3.53422	19.5	1.33616	
2	1	1		17.12	7	23.3712	21.7754	20.1795	2.93529	26.5	1.59583	
3	1	2		20.1	7	23.493	21.7907	20.0884	2.65353	29.9	1.70229	
4	1	3		22.29	6	23.5459	21.7998	20.0537	2.51759	31.5	1.74609	
5	1	4		23.89	6	23.5692	21.8056	20.042	2.4444	32.3	1.76362	
6	1	5		25.02	5	23.5753	21.8096	20.044	2.40663	32.8	1.76561	
7	1	6		25.74	5	23.5665	21.8123	20.0582	2.39648	32.9	1.75412	
8	1	7		26.04	4	23.5385	21.813	20.0874	2.41783	32.6	1.72556	
9	1	7.5	AXR-1	26.03	4	23.514	21.8119	20.1099	2.44486	32.3	1.70206	X
10	1	8.5		25.72	5	23.5315	21.805	20.0786	2.42147	32.6	1.72647	
11	1	9.5		24.72	5	23.5265	21.8017	20.0769	2.45323	32.2	1.72479	
12	1	10.5		22.97	6	23.4982	21.7986	20.099	2.53561	31.2	1.69957	
13	1	11.5		20.01	6	23.4066	21.7947	20.1828	2.75954	28.6	1.61193	
14	1	12.1	HH.335C-Col/PhyA	0.08	4	21.953	21.8141	21.6752	2.4389	0.1	0.138881	
15	1	13.1		0.05	4	21.9213	21.8147	21.7081	2.44105	0	0.106601	
16	1	14.1		0.02	4	21.8791	21.8143	21.7494	2.44326	0	0.0648536
17	1	15.1		0	4	21.8388	21.8131	21.7874	2.44454	0	0.0257195
18	1	16.1		0	4	21.8086	21.8117	21.8149	2.44486	0	-0.00314596
19	1	16.3	EC.480C	0	4	21.8039	21.8115	21.8191	2.44484	0	-0.00757114
20	1	17.3		0.01	4	21.7685	21.8091	21.8497	2.44409	0	-0.040609
21	1	18.3		0.03	4	21.7327	21.806	21.8794	2.44214	0	-0.0733493
22	1	19.3		0.07	4	21.7013	21.8027	21.904	2.43927	0.1	-0.101375
23	1	20.3		0.11	4	21.6775	21.7995	21.9214	2.43612	0.1	-0.121958
24	1	21.3		0.15	4	21.662	21.7967	21.9314	2.43325	0.1	-0.134717
25	1	22.3		0.19	4	21.6537	21.7945	21.9354	2.43097	0.2	-0.140826
26	1	22.5	EC.66C	0.19	4	21.6528	21.7942	21.9356	2.43059	0.2	-0.141399
27	1	23.5		0.35	4	21.5992	21.7899	21.9805	2.41918	0.3	-0.190676
28	1	24.3	GD.86L	0.48	4	21.5717	21.7885	22.0054	2.41063	0.4	-0.216867
29	1	25.3		0.75	4	21.4988	21.7816	22.0644	2.38785	0.7	-0.282801
30	1	26.3		1.07	5	21.4341	21.7757	22.1173	2.36173	1	-0.341625
31	1	27.3		1.41	5	21.3855	21.7718	22.158	2.33702	1.3	-0.386219
32	1	28.3		1.73	4	21.3541	21.77	22.1858	2.31648	1.5	-0.415858
33	1	29.3		2.01	4	21.3371	21.77	22.2028	2.30075	1.7	-0.432869
34	1	30.3		2.25	4	21.3316	21.7713	22.2111	2.28961	1.8	-0.439755
35	1	30.9	CH.160L-Col	2.38	4	21.3327	21.7727	22.2126	2.28492	1.9	-0.439906
36	1	31.7	CC.98L-Col/101C	3.23	4	21.257	21.7651	22.2732	2.22989	2.5	-0.508106
37	1	32.7		3.57	4	21.2122	21.7663	22.3203	2.19727	2.9	-0.554044
38	1	33.7		3.87	5	21.1786	21.7689	22.3592	2.16936	3.2	-0.590271
39	1	34.7		4.1	5	21.1583	21.7728	22.3873	2.14891	3.5	-0.614471
40	1	35.7		4.25	5	21.1514	21.7777	22.4041	2.13699	3.6	-0.626393
41	1	36.7		4.31	5	21.1568	21.7834	22.41	2.13374	3.7	-0.626593
42	1	37.7		4.28	5	21.1739	21.7895	22.4051	2.13896	3.6	-0.615616
43	1	38.7		4.17	5	21.2018	21.7957	22.3897	2.15225	3.4	-0.593908
44	1	39.7		3.99	4	21.2395	21.8018	22.3641	2.17266	3.2	-0.562317
45	1	40.5	AD.121C	3.81	4	21.2751	21.8063	22.3375	2.19283	3	-0.53122
46	1	41.5		2.68	4	21.3537	21.8068	22.2599	2.2611	2.2	-0.453083
47	1	41.7	AD.106L-Col	2.41	4	21.3835	21.8065	22.2295	2.28311	1.9	-0.42303
48	1	42.7		2.51	4	21.3593	21.8059	22.2526	2.26892	2.1	-0.446647
49	1	43.7		2.59	4	21.3413	21.8057	22.2701	2.25796	2.2	-0.464413
50	1	44.7		2.62	5	21.3304	21.8057	22.2811	2.25119	2.3	-0.475357
51	1	45.7		2.62	5	21.3273	21.8062	22.2851	2.24924	2.3	-0.478891
52	1	46.7		2.56	5	21.3322	21.8069	22.2817	2.25239	2.3	-0.474752
53	1	47.7		2.46	5	21.3452	21.808	22.2708	2.26062	2.2	-0.462816
54	1	48.7		2.32	5	21.3661	21.8093	22.2525	2.27357	2	-0.443202
55	1	49.7		2.15	4	21.3942	21.8108	22.2273	2.29037	1.8	-0.416565
56	1	50.7		1.97	4	21.4278	21.8122	22.1967	2.30948	1.6	-0.384488
57	1	51.1	GB.112L	1.89	4	21.4422	21.8128	22.1834	2.31736	1.5	-0.370646
58	1	52.1		1.99	4	21.4178	21.8131	22.2083	2.30486	1.6	-0.39524
59	1	53.1		2.06	4	21.4029	21.8136	22.2244	2.29709	1.7	-0.410741
60	1	54.1		2.07	4	21.3984	21.8145	22.2307	2.2949	1.8	-0.416137
61	1	55.1		2.02	4	21.4045	21.8157	22.227	2.2984	1.7	-0.411253
62	1	56.1		1.93	4	21.4208	21.8172	22.2136	2.30716	1.6	-0.39642
63	1	57.1		1.8	4	21.4461	21.8188	22.1915	2.32017	1.5	-0.372679
64	1	57.8	GD.97L	1.69	4	21.468	21.8198	22.1717	2.33094	1.3	-0.351868
65	1	58.8		1.73	4	21.4556	21.819	22.1825	2.32592	1.4	-0.36344
66	1	59.8		1.72	4	21.4532	21.8177	22.1822	2.32572	1.4	-0.364481
67	1	60.8		1.66	4	21.461	21.8159	22.1708	2.33043	1.3	-0.354932
68	1	61.8		1.56	4	21.4783	21.8137	22.1491	2.33956	1.2	-0.335407
69	1	61.9	EG.113L/115C	1.55	4	21.4805	21.8135	22.1465	2.34068	1.2	-0.332961
70	1	62.9		1.49	4	21.478	21.8125	22.1471	2.34274	1.2	-0.334528
71	1	63.9		1.39	4	21.4837	21.8119	22.1402	2.34826	1.1	-0.328222
72	1	64.9		1.26	4	21.4983	21.8118	22.1253	2.35716	1	-0.313521
73	1	65.9		1.1	4	21.5214	21.812	22.1026	2.36887	0.9	-0.290596
74	1	66.9		0.93	4	21.5516	21.8125	22.0733	2.3822	0.7	-0.260876
75	1	67	CD.89C	0.92	4	21.5549	21.8125	22.0701	2.38357	0.7	-0.257633
76	1	68		0.92	4	21.5486	21.8136	22.0786	2.38176	0.7	-0.264982
77	1	69		0.9	4	21.5477	21.8146	22.0816	2.38194	0.7	-0.26693
78	1	70		0.86	4	21.5525	21.8155	22.0785	2.38424	0.7	-0.263005
79	1	71		0.8	4	21.5629	21.8161	22.0694	2.38853	0.7	-0.253257
80	1	72		0.73	4	21.5782	21.8165	22.0548	2.39438	0.6	-0.238288
81	1	73		0.65	4	21.5974	21.8167	22.0359	2.40117	0.5	-0.219257
82	1	73.4	BF.206L-Col	0.61	4	21.6058	21.8167	22.0276	2.40398	0.5	-0.210856
83	1	74.4		0.52	4	21.619	21.8197	22.0203	2.40916	0.4	-0.200674
84	1	75.4		0.42	4	21.6379	21.822	22.0061	2.41564	0.3	-0.18411
85	1	76.4		0.31	4	21.6621	21.8234	21.9847	2.42288	0.3	-0.161302
86	1	77.4		0.22	4	21.6902	21.8237	21.9572	2.43001	0.2	-0.133517
87	1	78.4		0.14	4	21.7196	21.8228	21.926	2.4361	0.1	-0.103183
88	1	79.2	CH.200C	0.08	4	21.7423	21.8214	21.9004	2.43981	0.1	-0.0790338
89	1	80.2		0.07	4	21.7469	21.8209	21.8948	2.44069	0	-0.0739467
90	1	81.2		0.05	4	21.7538	21.82	21.8863	2.4417	0	-0.0662511
91	1	82.2		0.04	4	21.7626	21.8189	21.8752	2.44271	0	-0.0562831
92	1	83.2		0.02	4	21.7727	21.8175	21.8623	2.44361	0	-0.0448237
93	1	84.2		0.01	4	21.7831	21.8161	21.849	2.44428	0	-0.0329152
94	1	84.4	EC.88C	0.01	4	21.7852	21.8158	21.8463	2.44438	0	-0.0305715
95	1	85.4		0	4	21.8097	21.8123	21.8148	2.44488	0	-0.0025534
96	1	86.4		0.01	4	21.8373	21.807	21.7767	2.44367	0	0.0303076
97	1	87.4		0.04	4	21.863	21.8007	21.7384	2.44069	0	0.0623077
98	1	88.4		0.1	4	21.8825	21.7945	21.7066	2.4369	0.1	0.0879635
99	1	88.7	GD.160C	0.11	4	21.8869	21.7928	21.6988	2.43578	0.1	0.0940128
100	1	89.7		0.17	4	21.9074	21.7882	21.669	2.43105	0.2	0.119169
101	1	90.7		0.23	4	21.9278	21.7838	21.6398	2.42544	0.2	0.144032
102	1	91.7		0.3	4	21.9463	21.7802	21.6141	2.41957	0.3	0.166145
103	1	92.7		0.37	4	21.9612	21.7779	21.5945	2.41425	0.4	0.183312
104	1	93.7		0.44	4	21.9712	21.777	21.5828	2.41021	0.4	0.194199
105	1	94.4	HH.375L	0.48	4	21.9752	21.7773	21.5794	2.40837	0.4	0.197899
106	1	95.3	CH.215L	0.55	4	21.9915	21.7823	21.5732	2.40312	0.5	0.209162
107	1	96.3		0.42	4	21.9768	21.7869	21.597	2.41101	0.4	0.189896
108	1	97.3		0.3	4	21.9558	21.7919	21.6281	2.41969	0.3	0.163849
109	1	98.3		0.19	4	21.929	21.7971	21.6652	2.42824	0.2	0.131883
110	1	99.3		0.1	4	21.8981	21.8021	21.7061	2.4356	0.1	0.0960177
111	1	100.3		0.04	4	21.8656	21.8065	21.7473	2.44094	0	0.0591561
112	1	101.3		0.01	4	21.8342	21.8099	21.7857	2.44397	0	0.0242428
113	1	102.1	BF.116C	0	4	21.8112	21.812	21.8128	2.44487	0	-0.000823723
114	1	103.1		0	4	21.8155	21.8118	21.8081	2.44481	0	0.00372563
115	1	104.1		0	4	21.8202	21.8119	21.8037	2.44476	0	0.00825843
116	1	105	GH.157L-Col	0	4	21.8241	21.8123	21.8005	2.44474	0	0.0118141
117	1	106		0	4	21.8088	21.8117	21.8147	2.44484	0	-0.00293864
118	1	107		0	4	21.7896	21.81	21.8304	2.44448	0	-0.0204082
119	1	108		0.02	4	21.7672	21.8068	21.8465	2.44352	0	-0.0396715
120	1	109		0.04	4	21.7432	21.8024	21.8616	2.44198	0	-0.0591801
121	1	110		0.06	4	21.7199	21.7971	21.8742	2.44005	0.1	-0.0771555
122	1	111		0.09	4	21.6991	21.7912	21.8834	2.43804	0.1	-0.0921491
123	1	112		0.12	4	21.682	21.7854	21.8888	2.43625	0.1	-0.1034
124	1	112.2	CC.318C	0.13	4	21.6791	21.7843	21.8895	2.43593	0.1	-0.105185
125	1	113.2		0.21	4	21.6293	21.7699	21.9104	2.43005	0.2	-0.140533
126	1	114.2		0.31	4	21.5766	21.7528	21.929	2.42287	0.3	-0.176175
127	1	115.2		0.42	4	21.527	21.7348	21.9426	2.41538	0.3	-0.207811
128	1	116.2		0.53	4	21.4857	21.7176	21.9496	2.40881	0.4	-0.231922
129	1	116.2	CD.173L/175C-Col	0.53	4	21.4857	21.7176	21.9496	2.40881	0.4	-0.231922
130	1	117.2		0.44	4	21.5151	21.73	21.9448	2.41408	0.4	-0.214836
131	1	118.2		0.34	4	21.5521	21.7437	21.9352	2.42017	0.3	-0.191554
132	1	119.2		0.25	4	21.5948	21.7579	21.9211	2.42653	0.2	-0.163153
133	1	120.2		0.17	4	21.6399	21.7716	21.9034	2.43244	0.1	-0.131706
134	1	121.2		0.1	4	21.684	21.7839	21.8838	2.43731	0.1	-0.0998761
135	1	122.2		0.06	4	21.7239	21.794	21.8641	2.44086	0	-0.0701011
136	1	122.2	GH.127L-Col/ADH	0.06	4	21.7239	21.794	21.8641	2.44086	0	-0.0701011
137	1	123.2		0.04	4	21.7341	21.7966	21.8591	2.44174	0	-0.0624586
138	1	124.2		0.03	4	21.7474	21.7996	21.8519	2.44267	0	-0.0522238
139	1	125.2		0.02	4	21.7627	21.8029	21.8431	2.44353	0	-0.0402059
140	1	126.2		0.01	4	21.7784	21.806	21.8335	2.4442	0	-0.0275633
141	1	127.2		0	4	21.7933	21.8087	21.8242	2.44463	0	-0.0154526
142	1	127.5	HH.360L-Col	0	4	21.7974	21.8095	21.8215	2.44471	0	-0.0120611
143	2	0	AD.156C	0.03	4	21.8625	21.8133	21.7641	2.44199	0	0.0492376
144	2	1		0.03	4	21.861	21.8135	21.766	2.44237	0	0.0475035
145	2	2		0.02	4	21.858	21.8136	21.7692	2.44282	0	0.0444068
146	2	3		0.02	4	21.8536	21.8136	21.7737	2.44331	0	0.0399623
147	2	4		0.01	4	21.8479	21.8135	21.7792	2.44379	0	0.034386
148	2	5		0.01	4	21.8415	21.8134	21.7853	2.44421	0	0.0280714
149	2	6		0.01	4	21.8346	21.8131	21.7916	2.44454	0	0.0215043
150	2	7		0	4	21.828	21.8129	21.7977	2.44476	0	0.0151499
151	2	7.2	BF.325L	0	4	21.8267	21.8128	21.7989	2.44479	0	0.0139382
152	2	8.2		0	4	21.7998	21.8113	21.8227	2.44463	0	-0.0114535
153	2	9.2		0.02	4	21.7698	21.8099	21.8501	2.44297	0	-0.0401694
154	2	10.2		0.06	4	21.7389	21.8089	21.879	2.43963	0.1	-0.0700322
155	2	11.2		0.12	4	21.7101	21.8084	21.9067	2.4349	0.1	-0.0982643
156	2	12.2		0.19	4	21.6859	21.8083	21.9307	2.42949	0.2	-0.122421
157	2	13.2		0.26	4	21.6675	21.8086	21.9497	2.42421	0.2	-0.141089
158	2	13.9	GH.580L	0.32	4	21.6582	21.8089	21.9596	2.42092	0.3	-0.15069
159	2	14.9		0.5	4	21.6148	21.8082	22.0015	2.40692	0.4	-0.19339
160	2	15.9		0.7	4	21.5748	21.8076	22.0403	2.39089	0.6	-0.232748
161	2	16.9		0.92	4	21.5427	21.8075	22.0722	2.375	0.8	-0.264796
162	2	17.9		1.13	4	21.5202	21.8079	22.0956	2.36108	1	-0.287706
163	2	18.7	FD.81L	1.29	4	21.5093	21.8087	22.108	2.3521	1.1	-0.299372
164	2	19.7		1.2	4	21.5144	21.8117	22.109	2.35537	1.1	-0.2973
165	2	20.7		1.07	4	21.5303	21.8145	22.0987	2.36346	1	-0.284186
166	2	21.7		0.91	4	21.5566	21.8167	22.0769	2.37564	0.8	-0.260158
167	2	22.7		0.74	4	21.5909	21.8182	22.0454	2.39014	0.6	-0.227238
168	2	22.7	CH.284C	0.74	4	21.5909	21.8182	22.0454	2.39014	0.6	-0.227238
169	2	23.7		1.04	4	21.5412	21.822	22.1029	2.36615	0.9	-0.280831
170	2	24.7		1.35	4	21.5005	21.8261	22.1518	2.3425	1.2	-0.325657
171	2	25.7		1.64	4	21.4737	21.8297	22.1857	2.32395	1.4	-0.355992
172	2	26.7		1.88	4	21.4628	21.8325	22.2022	2.31368	1.5	-0.36969
173	2	27.1	FD.222L-Col	1.95	4	21.4633	21.8335	22.2037	2.31242	1.6	-0.370159
174	2	28.1		2	4	21.4554	21.8403	22.2252	2.30491	1.6	-0.384939
175	2	29.1		1.99	4	21.4589	21.846	22.2331	2.30441	1.7	-0.387094
176	2	30.1		1.92	4	21.4731	21.8503	22.2275	2.31049	1.6	-0.377209
177	2	31.1		1.79	4	21.497	21.8533	22.2095	2.3222	1.4	-0.356226
178	2	31.4	CH.65C	1.74	4	21.5058	21.8538	22.2019	2.32658	1.4	-0.348026
179	2	32.4		1.86	4	21.4846	21.8556	22.2266	2.31491	1.5	-0.371009
180	2	33.4		1.9	4	21.4765	21.8554	22.2344	2.3112	1.6	-0.378973
181	2	34.4		1.86	4	21.4818	21.8536	22.2253	2.3158	1.5	-0.371748
182	2	35.4		1.74	4	21.5003	21.8502	22.2001	2.32799	1.4	-0.349926
183	2	35.4	BF.221L	1.74	4	21.5003	21.8502	22.2001	2.32799	1.4	-0.349926
184	2	36.4		1.69	4	21.5013	21.8558	22.2102	2.32841	1.4	-0.354438
185	2	37.4		1.57	4	21.5125	21.8584	22.2044	2.33517	1.3	-0.345914
186	2	38.4		1.39	4	21.5341	21.858	22.1819	2.34788	1.1	-0.323931
187	2	39.4		1.18	4	21.5649	21.8547	22.1446	2.36491	0.9	-0.289822
188	2	39.4	FD.85C	1.18	4	21.5649	21.8547	22.1446	2.36491	0.9	-0.289822
189	2	40.4		1.51	4	21.5151	21.8574	22.1997	2.33609	1.3	-0.342305
190	2	41.4		1.83	4	21.477	21.8578	22.2387	2.31153	1.6	-0.380881
191	2	42.4		2.09	4	21.4529	21.8567	22.2604	2.29461	1.8	-0.403775
192	2	43.4		2.29	4	21.4415	21.8544	22.2673	2.28549	1.9	-0.41288
193	2	44.4		2.41	4	21.4411	21.8514	22.2617	2.28335	1.9	-0.410295
194	2	44.6	FD.150C	2.43	4	21.4422	21.8507	22.2592	2.28367	1.9	-0.408532
195	2	45.6		2.9	4	21.386	21.8471	22.3083	2.24516	2.3	-0.461124
196	2	46.6		3.27	4	21.3526	21.8434	22.3341	2.21997	2.6	-0.490742
197	2	47.6		3.49	4	21.3419	21.8408	22.3397	2.21	2.8	-0.498888
198	2	48.2	Erecta/GPA1	3.54	4	21.3469	21.8401	22.3333	2.21213	2.7	-0.493206
199	2	49.2		4.01	4	21.3064	21.8444	22.3824	2.17683	3.2	-0.538016
200	2	50.2		4.41	4	21.2782	21.8479	22.4176	2.1491	3.5	-0.56973
201	2	51.2		4.72	4	21.2618	21.8504	22.439	2.12983	3.7	-0.588607
202	2	52.2		4.94	4	21.256	21.8518	22.4477	2.11875	3.8	-0.595861
203	2	53.2		5.06	4	21.2599	21.8521	22.4442	2.11573	3.9	-0.592165
204	2	53.6	GD.298C	5.08	4	21.2642	21.8518	22.4394	2.11682	3.9	-0.587616
205	2	54.6		5.3	4	21.2329	21.8476	22.4623	2.09641	4.1	-0.614715
206	2	55.6		5.37	4	21.2203	21.8445	22.4687	2.09035	4.2	-0.624233
207	2	56.6		5.28	4	21.2237	21.8422	22.4607	2.09658	4.1	-0.618523
208	2	57.6		5.05	4	21.2436	21.8407	22.4378	2.11518	3.9	-0.597102
209	2	58.2	BH.120L-Col	4.85	4	21.2642	21.8401	22.416	2.13267	3.7	-0.575912
210	2	59.2		5.24	4	21.2322	21.8516	22.471	2.09557	4.1	-0.619402
211	2	60.2		5.4	4	21.2294	21.864	22.4985	2.08371	4.2	-0.634547
212	2	61.2		5.36	4	21.2472	21.8763	22.5055	2.09011	4.2	-0.629154
213	2	62.2		5.11	4	21.2857	21.8885	22.4912	2.11422	3.9	-0.602733
214	2	62.3	DF.140C	5.08	4	21.2909	21.8897	22.4884	2.11766	3.8	-0.59879
215	2	63.3		5.63	4	21.2456	21.9043	22.563	2.06534	4.5	-0.658688
216	2	64.3		6.11	5	21.2124	21.9178	22.6232	2.0222	5	-0.705403
217	2	65.3		6.49	5	21.1924	21.9295	22.6666	1.99164	5.3	-0.737124
218	2	66.3		6.73	5	21.1844	21.9393	22.6942	1.97389	5.5	-0.754872
219	2	67.3		6.84	5	21.1876	21.9473	22.707	1.96855	5.6	-0.759733
220	2	68.3		6.79	5	21.202	21.9536	22.7052	1.97597	5.5	-0.751631
221	2	69.3		6.59	5	21.2291	21.9579	22.6868	1.9977	5.3	-0.728863
222	2	70.3		6.24	4	21.2714	21.9597	22.6481	2.03603	4.8	-0.688348
223	2	70.8	EC.235L-Col/247C	6.01	4	21.2987	21.9594	22.6201	2.06158	4.5	-0.660706
224	3	0	DF.77C	0.59	4	21.9957	21.7805	21.5653	2.40495	0.5	0.215165
225	3	1		0.43	4	21.9706	21.7812	21.5919	2.41532	0.3	0.189364
226	3	2		0.26	4	21.9336	21.7856	21.6376	2.42732	0.2	0.148008
227	3	2.8	GB.120C-Col/GAPC	0.15	4	21.8995	21.7912	21.683	2.43565	0.1	0.108226
228	3	3.8		0.1	4	21.8862	21.7926	21.699	2.43845	0.1	0.0936079
229	3	4.8		0.06	4	21.8699	21.7954	21.721	2.44113	0	0.0744478
230	3	5.8		0.03	4	21.8514	21.7997	21.748	2.44328	0	0.0516897
231	3	6.8		0.01	4	21.8323	21.8051	21.7778	2.44457	0	0.0272187
232	3	7.8		0	4	21.8144	21.811	21.8077	2.44489	0	0.00334366
233	3	7.8	EG.75L	0	4	21.8144	21.811	21.8077	2.44489	0	0.00334366
234	3	8.8		0.02	4	21.7799	21.8233	21.8667	2.44285	0	-0.0433877
235	3	9.8		0.09	4	21.7426	21.8359	21.9292	2.43682	0.1	-0.0932913
236	3	10.8		0.21	4	21.7071	21.8473	21.9874	2.42732	0.2	-0.140182
237	3	11.8		0.36	4	21.6772	21.8561	22.035	2.41618	0.3	-0.178917
238	3	12.8		0.52	4	21.6545	21.8619	22.0693	2.40538	0.5	-0.207427
239	3	13.1	FD.111L-Col/136C	0.57	4	21.6491	21.8631	22.0771	2.40242	0.5	-0.214
240	3	14.1		0.74	4	21.6174	21.8689	22.1204	2.38944	0.7	-0.251541
241	3	15.1		0.91	4	21.5897	21.8725	22.1554	2.37705	0.8	-0.282838
242	3	16.1		1.07	4	21.5688	21.8737	22.1787	2.36698	0.9	-0.304941
243	3	17.1		1.21	4	21.5556	21.8725	22.1894	2.36035	1	-0.316889
244	3	18.1		1.3	4	21.5503	21.8693	22.1883	2.35754	1	-0.318999
245	3	18.1	BF.270L-Col/271C	1.3	4	21.5503	21.8693	22.1883	2.35754	1	-0.318999
246	3	19.1		1.36	4	21.5431	21.8797	22.2164	2.35029	1.1	-0.336647
247	3	20.1		1.38	4	21.5433	21.8883	22.2333	2.34708	1.2	-0.344973
248	3	21.1		1.36	4	21.5512	21.8942	22.2372	2.34848	1.1	-0.342976
249	3	22.1		1.3	4	21.5664	21.8971	22.2277	2.35433	1.1	-0.330657
250	3	23.1		1.2	4	21.5877	21.8968	22.2059	2.36377	1	-0.309111
251	3	23.1	GH.390L	1.2	4	21.5877	21.8968	22.2059	2.36377	1	-0.309111
252	3	24.1		1.1	4	21.5861	21.8941	22.202	2.36657	0.9	-0.30795
253	3	25.1		0.95	4	21.5967	21.8873	22.178	2.37596	0.8	-0.29065
254	3	26.1		0.76	4	21.6189	21.8768	22.1348	2.39038	0.6	-0.257917
255	3	27.1		0.56	4	21.65	21.8639	22.0779	2.40657	0.5	-0.213976
256	3	27.4	EC.83C/84L	0.51	4	21.6602	21.8599	22.0597	2.41116	0.4	-0.199792
257	3	28.4		0.36	4	21.6801	21.854	22.0279	2.42025	0.3	-0.173876
258	3	29.4		0.22	4	21.706	21.846	21.986	2.42938	0.2	-0.140009
259	3	30.4		0.11	4	21.7363	21.8364	21.9365	2.4372	0.1	-0.100068
260	3	31.4		0.04	4	21.7683	21.8261	21.884	2.44247	0	-0.0578347
261	3	32.4		0	4	21.7986	21.8163	21.834	2.44474	0	-0.0177183
262	3	32.7	AD.92L	0	4	21.8069	21.8136	21.8202	2.44488	0	-0.00662105
263	3	33.7		0	4	21.8027	21.8151	21.8275	2.44482	0	-0.0123641
264	3	34.7		0	4	21.7983	21.8168	21.8353	2.4447	0	-0.0185062
265	3	35.7		0.01	4	21.7941	21.8187	21.8433	2.4445	0	-0.0246275
266	3	36.7		0.01	4	21.7902	21.8205	21.8507	2.44425	0	-0.0302514
267	3	37.7		0.01	4	21.7872	21.8221	21.8571	2.44397	0	-0.034958
268	3	38.7		0.02	4	21.785	21.8235	21.862	2.4437	0	-0.0384826
269	3	39.1	GB.210L	0.02	4	21.7845	21.824	21.8635	2.44361	0	-0.0395392
270	3	40.1		0.01	4	21.7873	21.822	21.8567	2.44393	0	-0.0346921
271	3	41.1		0.01	4	21.7912	21.8198	21.8485	2.44425	0	-0.0286774
272	3	42.1		0.01	4	21.7958	21.8176	21.8394	2.44453	0	-0.0217977
273	3	43.1		0	4	21.801	21.8155	21.83	2.44473	0	-0.0144993
274	3	44.1		0	4	21.8063	21.8136	21.8209	2.44484	0	-0.00727931
275	3	45.1		0	4	21.8115	21.8121	21.8126	2.44486	0	-0.000577291
276	3	45.5	BH.225C-Col	0	4	21.8134	21.8115	21.8096	2.44484	0	0.00188498
277	3	46.5		0	4	21.8216	21.8094	21.7972	2.44466	0	0.0122024
278	3	47.5		0.01	4	21.8305	21.8073	21.784	2.44424	0	0.023258
279	3	48.5		0.01	4	21.8394	21.8053	21.7713	2.44361	0	0.0340585
280	3	49.5		0.02	4	21.8473	21.8038	21.7602	2.44285	0	0.0435803
281	3	50.5		0.03	4	21.8538	21.8027	21.7516	2.44209	0	0.0510837
282	3	50.7	HH.440L	0.04	4	21.8548	21.8025	21.7502	2.44194	0	0.0523087
283	3	51.7		0.01	4	21.8359	21.8072	21.7784	2.44389	0	0.0287186
284	3	52.7		0	4	21.8133	21.8117	21.81	2.44484	0	0.00165911
285	3	53.7		0.01	4	21.7888	21.8156	21.8425	2.44445	0	-0.0268409
286	3	54.7		0.03	4	21.7645	21.8186	21.8728	2.44273	0	-0.0541363
287	3	55.7		0.08	4	21.7425	21.8205	21.8986	2.44006	0.1	-0.0780248
288	3	56.3	HH.117C	0.11	4	21.731	21.8212	21.9114	2.43821	0.1	-0.0902187
289	3	57.3		0.06	4	21.7492	21.8191	21.889	2.4411	0	-0.0698732
290	3	58.3		0.03	4	21.7713	21.8166	21.862	2.44342	0	-0.0453636
291	3	59.3		0	4	21.7945	21.8139	21.8334	2.44469	0	-0.0194432
292	3	60.2	GD.296C-Col	0	4	21.8141	21.8117	21.8092	2.44483	0	0.00245695
293	3	61.2		0	4	21.8215	21.8108	21.8001	2.44465	0	0.0107223
294	3	62.2		0	4	21.8292	21.8099	21.7905	2.44434	0	0.019346
295	3	63.2		0.01	4	21.8365	21.809	21.7815	2.44392	0	0.0275083
296	3	64.2		0.02	4	21.8427	21.8082	21.7738	2.44346	0	0.0344454
297	3	65.2		0.02	4	21.8473	21.8076	21.768	2.44301	0	0.0396712
298	3	65.3	FD.98C	0.02	4	21.8477	21.8076	21.7675	2.44297	0	0.0400919
299	3	66.3		0.05	4	21.8673	21.8055	21.7437	2.44091	0	0.0618065
300	3	67.3		0.09	4	21.8881	21.8034	21.7186	2.43797	0.1	0.0847444
301	3	68.3		0.14	4	21.9092	21.8015	21.6938	2.43423	0.1	0.10771
302	3	69.3		0.2	4	21.9292	21.7999	21.6705	2.42993	0.2	0.129354
303	3	70.3		0.27	4	21.9471	21.7986	21.6501	2.42539	0.2	0.148455
304	3	71.3		0.34	4	21.9619	21.7978	21.6336	2.42098	0.3	0.164146
305	3	72.3		0.41	4	21.9733	21.7973	21.6213	2.41702	0.3	0.175998
306	3	72.9	AD.182C	0.45	4	21.9785	21.7972	21.616	2.41495	0.4	0.181238
307	3	73.9		0.39	4	21.9728	21.7989	21.625	2.41819	0.3	0.173903
308	3	74.9		0.32	4	21.9613	21.8009	21.6405	2.42267	0.3	0.160442
309	3	75.9		0.24	4	21.9443	21.8031	21.662	2.42791	0.2	0.141136
310	3	76.9		0.17	4	21.9228	21.8054	21.688	2.43318	0.1	0.117372
311	3	77.9		0.11	4	21.899	21.8074	21.7159	2.43774	0.1	0.0915113
312	3	78.4	HH.171C-Col/173L	0.08	4	21.887	21.8083	21.7297	2.43959	0.1	0.0786257
313	3	79.4		0.09	4	21.8943	21.8092	21.724	2.43878	0.1	0.0851537
314	3	80.4		0.1	4	21.9003	21.8102	21.7201	2.43811	0.1	0.0900692
315	3	81.4		0.11	4	21.9042	21.8114	21.7186	2.43768	0.1	0.0928249
316	3	82.4		0.11	4	21.9058	21.8127	21.7195	2.43754	0.1	0.0931481
317	3	83.4		0.11	4	21.905	21.8139	21.7228	2.4377	0.1	0.091115
318	3	84	BH.109L-Col	0.11	4	21.9036	21.8146	21.7257	2.43792	0.1	0.0889183
319	3	85		0.07	4	21.8887	21.8133	21.7378	2.43988	0.1	0.0754627
320	3	85.8	HH.90L-Col	0.05	4	21.8727	21.8124	21.7521	2.44162	0	0.0603141
321	4	0	ANL2	0.17	4	21.9398	21.8223	21.7048	2.43317	0.1	0.117473
322	4	1		0.24	4	21.9653	21.8246	21.684	2.42857	0.2	0.14067
323	4	2		0.3	4	21.9908	21.827	21.6633	2.42326	0.3	0.16372
324	4	3		0.38	4	22.0145	21.8294	21.6443	2.41759	0.3	0.185115
325	4	4		0.45	4	22.0349	21.8315	21.628	2.41204	0.4	0.203421
326	4	5		0.53	4	22.0507	21.8332	21.6156	2.40708	0.4	0.217575
327	4	6		0.59	4	22.0614	21.8344	21.6073	2.40308	0.5	0.227043
328	4	7		0.65	4	22.0669	21.8351	21.6033	2.40023	0.5	0.231804
329	4	7.3	GH.250C/GA1	0.66	4	22.0676	21.8352	21.6028	2.3996	0.5	0.232363
330	4	8.3		0.7	4	22.0841	21.8357	21.5874	2.39545	0.6	0.248325
331	4	9.3		0.73	4	22.0997	21.8361	21.5724	2.39145	0.6	0.263654
332	4	10.3		0.75	4	22.1137	21.8361	21.5586	2.38787	0.7	0.277596
333	4	11.3		0.77	5	22.1253	21.8359	21.5465	2.385	0.7	0.289388
334	4	12.3		0.78	5	22.1334	21.8352	21.537	2.38318	0.7	0.298162
335	4	13.3		0.78	5	22.1373	21.8341	21.5308	2.38266	0.7	0.303231
336	4	14.3		0.77	5	22.1366	21.8325	21.5285	2.38359	0.7	0.304048
337	4	15.3		0.75	5	22.1309	21.8306	21.5303	2.386	0.7	0.300307
338	4	16.3		0.72	5	22.1203	21.8283	21.5363	2.38976	0.6	0.292003
339	4	17.3		0.67	4	22.1054	21.8259	21.5464	2.39461	0.6	0.279476
340	4	18.3		0.62	4	22.0869	21.8234	21.5599	2.40012	0.5	0.263472
341	4	19.2	CH.169C	0.57	4	22.0681	21.8212	21.5743	2.4053	0.5	0.246889
342	4	20.2		0.53	4	22.0745	21.8241	21.5737	2.4073	0.4	0.2504
343	4	21.2		0.47	4	22.075	21.8266	21.5783	2.41051	0.4	0.248316
344	4	22.2		0.4	4	22.0675	21.8285	21.5896	2.41501	0.4	0.238957
345	4	23.2		0.33	4	22.0506	21.8295	21.6084	2.4206	0.3	0.221085
346	4	24.2		0.25	4	22.0239	21.8293	21.6347	2.42675	0.2	0.194597
347	4	25.2		0.17	4	21.9891	21.8279	21.6667	2.43266	0.1	0.161204
348	4	25.3	EC.306L	0.16	4	21.9853	21.8277	21.6701	2.43321	0.1	0.157607
349	4	26.3		0.18	4	22.0148	21.8257	21.6366	2.4309	0.2	0.189084
350	4	27.3		0.2	4	22.047	21.8222	21.5974	2.42853	0.2	0.224793
351	4	28.3		0.22	5	22.0748	21.8166	21.5584	2.42706	0.2	0.258191
352	4	29.3		0.21	4	22.0844	21.8092	21.5339	2.42812	0.2	0.275216	
353	4	30.2	BH.92L-Col	2	4	22.1784	21.7969	21.4154	2.43484	1.6	0.381523	
354	4	31.2		2.02	4	22.1929	21.8017	21.4104	2.43105	1.7	0.391218	
355	4	32.2		1.97	4	22.1929	21.8069	21.421	2.43497	1.6	0.385918	
356	4	33.1	FD.154L	1.85	4	22.1803	21.8119	21.4435	2.44486	1.5	0.368423	X
357	4	34.1		2.02	4	22.2076	21.8127	21.4178	2.43011	1.7	0.39491	
358	4	35.1		2.14	4	22.2256	21.8132	21.4008	2.41966	1.8	0.41239	
359	4	36.1		2.21	4	22.2331	21.8132	21.3933	2.41448	1.9	0.419888	
360	4	37.1		2.23	4	22.23	21.8129	21.3957	2.41498	1.9	0.417129	
361	4	38.1		2.19	4	22.2163	21.8121	21.408	2.4212	1.8	0.404144	
362	4	38.3	CD.84C-Col/85L	0.4	4	22.1066	21.8133	21.52	2.41772	0.3	0.293329	
363	4	39.3		0.37	4	22.097	21.8115	21.5261	2.41766	0.3	0.285446	
364	4	40.3		0.32	4	22.0693	21.8103	21.5513	2.4207	0.3	0.25899	
365	4	41.3		0.26	4	22.0299	21.8097	21.5895	2.42573	0.2	0.220226	
366	4	42.3		0.2	4	21.9876	21.8095	21.6315	2.43104	0.2	0.178033	
367	4	43.3		0.14	4	21.9491	21.8096	21.6701	2.43545	0.1	0.139523	
368	4	43.5	g4539	0.14	4	21.9423	21.8096	21.677	2.43619	0.1	0.132606
369	4	44.5		0.18	4	21.9598	21.8057	21.6517	2.43295	0.1	0.15407
370	4	45.5		0.22	4	21.9697	21.8013	21.6329	2.43009	0.2	0.168382
371	4	46.5		0.24	4	21.9709	21.797	21.6231	2.42817	0.2	0.173927
372	4	47.5		0.26	4	21.9647	21.7934	21.622	2.42744	0.2	0.171303
373	4	48.1	CD.329C-Col/CH42	0.27	4	21.9582	21.7916	21.6249	2.4275	0.2	0.166659
374	4	49.1		0.23	4	21.9446	21.7906	21.6366	2.43023	0.2	0.154022
375	4	50.1		0.18	4	21.9272	21.7908	21.6544	2.43334	0.1	0.136382
376	4	51.1		0.14	4	21.9076	21.7921	21.6766	2.43644	0.1	0.115509
377	4	51.6	FD.167L-Col	0.12	4	21.8977	21.7931	21.6886	2.43787	0.1	0.104579
378	4	52.6		0.14	4	21.9082	21.79	21.6719	2.43608	0.1	0.118126
379	4	53.6		0.16	4	21.9162	21.7873	21.6585	2.43443	0.1	0.128829
380	4	54.6		0.18	4	21.9207	21.7853	21.6499	2.4332	0.1	0.135424
381	4	55.6		0.19	4	21.9215	21.7841	21.6467	2.43257	0.1	0.137378
382	4	56.6		0.2	4	21.9187	21.7838	21.6488	2.43254	0.1	0.134976
383	4	57	CH.70L/71C-Col	0.2	4	21.9168	21.7838	21.6509	2.43268	0.1	0.132985
384	4	58		0.13	4	21.8985	21.7875	21.6766	2.43676	0.1	0.110949
385	4	59		0.07	4	21.8741	21.7935	21.7129	2.44083	0	0.0805767
386	4	60		0.02	4	21.8472	21.8009	21.7546	2.44372	0	0.0462915
387	4	61		0	4	21.8224	21.8085	21.7945	2.44486	0	0.013985
388	4	61	HH.159C-Col	0	4	21.8224	21.8085	21.7945	2.44486	0	0.013985
389	4	62		0.02	4	21.8413	21.8027	21.7641	2.44391	0	0.0385897
390	4	63		0.04	4	21.8605	21.7975	21.7345	2.44173	0	0.0630311
391	4	64		0.08	4	21.8774	21.7935	21.7096	2.4387	0.1	0.0838747
392	4	65		0.12	4	21.89	21.7911	21.6921	2.43545	0.1	0.0989582
393	4	65	GB.490C	0.12	4	21.89	21.7911	21.6921	2.43545	0.1	0.0989582
394	4	66		0.06	4	21.871	21.7975	21.7239	2.43957	0.1	0.0735754
395	4	67		0.02	4	21.8485	21.8038	21.759	2.44277	0	0.0447543
396	4	68		0	4	21.8233	21.8096	21.7959	2.44458	0	0.0136995
397	4	69		0	4	21.7968	21.8147	21.8326	2.44473	0	-0.017894
398	4	70		0.03	4	21.7704	21.8186	21.8668	2.44322	0	-0.0481901
399	4	71		0.07	4	21.7457	21.8213	21.897	2.44033	0.1	-0.0756482
400	4	72		0.13	4	21.7236	21.8229	21.9222	2.4365	0.1	-0.0993012
401	4	72.9	GB.750C	0.19	4	21.7064	21.8234	21.9404	2.43263	0.1	-0.117016
402	4	73.9		0.18	4	21.706	21.8234	21.9409	2.43297	0.1	-0.117446
403	4	74.9		0.17	4	21.7072	21.8233	21.9395	2.43356	0.1	-0.11617
404	4	75.9		0.16	4	21.71	21.8231	21.9361	2.43437	0.1	-0.113064
405	4	76.9		0.14	4	21.7145	21.8226	21.9308	2.43538	0.1	-0.10815
406	4	77.9		0.13	4	21.7204	21.822	21.9236	2.43654	0.1	-0.101613
407	4	78.9		0.11	4	21.7274	21.8212	21.915	2.43776	0.1	-0.0937866
408	4	79.9		0.1	4	21.7353	21.8204	21.9055	2.43897	0.1	-0.0850986
409	4	80.2	BH.342C/DHS1	0.09	4	21.7377	21.8201	21.9025	2.43932	0.1	-0.0823931
410	5	0	FD.207L	0	4	21.8293	21.8122	21.795	2.44422	0	0.0171402
411	5	1		0.01	4	21.7857	21.8112	21.8367	2.44496	0	-0.0254917
412	5	2		0.04	4	21.7353	21.8091	21.8829	2.4426	0	-0.0737866
413	5	3		0.11	4	21.6932	21.8064	21.9196	2.43799	0.1	-0.113202
414	5	3.3	CH.690C	0.13	4	21.6837	21.8056	21.9275	2.43651	0.1	-0.121931
415	5	4.3		0.12	4	21.6789	21.8075	21.9361	2.4365	0.1	-0.128617
416	5	5.3		0.11	4	21.6797	21.8097	21.9396	2.43712	0.1	-0.129923	
417	5	6.3		0.09	4	21.6886	21.8119	21.9351	2.43847	0.1	-0.123204	
418	5	7.3		0.07	4	21.706	21.8137	21.9214	2.44035	0.1	-0.107701	
419	5	7.6	BH.144L	0.07	4	21.7124	21.8141	21.9158	2.44093	0	-0.10166	
420	5	8.6		0.02	4	21.7497	21.814	21.8783	2.44384	0	-0.0642989	
421	5	9.6		0	5	21.8299	21.8111	21.7923	2.44459	0	0.0188283	
422	5	10.6		0.08	7	21.9942	21.8014	21.6085	2.43463	0.1	0.192866	
423	5	11.6		0.35	7	22.2397	21.7816	21.3234	2.40457	0.5	0.458136	
424	5	12.6		0.76	5	22.4331	21.7594	21.0858	2.3784	0.8	0.673665	
425	5	12.8	EC.198L-Col	1.8	4	21.3626	21.7892	22.2159	2.57108	1.7	-0.42663	
426	5	13.8		2.5	5	21.2844	21.8094	22.3344	2.50545	2.4	-0.525	
427	5	14.8		3.08	4	21.2374	21.8145	22.3915	2.4652	2.9	-0.577068	
428	5	15.7	BH.325L	3.48	4	21.2117	21.8119	22.4122	2.44486	3.1	-0.600238	X
429	5	16.7		3.71	5	21.1669	21.8181	22.4692	2.41468	3.5	-0.651122	
430	5	17.7		3.7	5	21.151	21.8114	22.4718	2.41195	3.5	-0.660433	
431	5	18.7		3.42	5	21.1662	21.7918	22.4173	2.43882	3.2	-0.625543	
432	5	19.5	BH.107L-Col	0.24	4	21.5699	21.8134	22.0569	2.4292	0.2	-0.243525
433	5	20.5		0.37	4	21.4954	21.8115	22.1276	2.41755	0.3	-0.316086
434	5	21.5		0.49	5	21.4448	21.8088	22.1728	2.40641	0.5	-0.364015
435	5	22.5		0.58	5	21.4295	21.8061	22.1827	2.40017	0.5	-0.376613
436	5	23.5		0.61	4	21.4472	21.8043	22.1615	2.40046	0.5	-0.357152
437	5	24.3	AD.114C-Col	0.6	4	21.4783	21.8037	22.1291	2.40458	0.5	-0.325412
438	5	25.3		0.66	5	21.4288	21.808	22.1873	2.39327	0.6	-0.379262
439	5	26.3		0.69	6	21.3904	21.8137	22.2369	2.38387	0.7	-0.423273
440	5	27.3		0.67	7	21.3766	21.8195	22.2624	2.3809	0.8	-0.442909
441	5	28.3		0.6	7	21.3952	21.8237	22.2522	2.3869	0.7	-0.428501
442	5	29.3		0.49	6	21.4464	21.8254	22.2045	2.40039	0.5	-0.379047
443	5	30.3		0.36	5	21.5184	21.8249	22.1314	2.41587	0.3	-0.30652
444	5	31.1	DF.184L-Col	5.22	4	21.0558	21.8513	22.6468	2.60447	5	-0.795515
445	5	32.1		6.13	5	20.9613	21.8418	22.7222	2.51146	6.1	-0.880434
446	5	33.1		6.81	5	20.9131	21.8333	22.7534	2.45508	6.8	-0.920166
447	5	34.1		7.25	5	20.8959	21.8261	22.7562	2.42582	7.1	-0.930167
448	5	35.1		7.47	4	20.9012	21.8199	22.7386	2.41689	7.2	-0.918727	
449	5	36.1		7.49	4	20.9266	21.8148	22.7029	2.42644	7.1	-0.888185	
450	5	36.8	GH.117C	7.4	4	20.9568	21.8119	22.6671	2.44486	6.9	-0.855159	X
451	5	37.8		8.73	5	20.8604	21.8212	22.782	2.30883	8.5	-0.960809	
452	5	38.8		9.59	5	20.825	21.825	22.8249	2.24456	9.2	-0.999992	
453	5	39.8		10.01	5	20.8206	21.8249	22.8292	2.22269	9.5	-1.00434	
454	5	40.8		10.02	5	20.8421	21.8214	22.8008	2.23764	9.3	-0.979342	
455	5	41.5	GH.121L-Col	2.56	4	21.0592	21.8155	22.5718	2.26858	2.1	-0.756282	
456	5	42.5		2.43	4	21.0872	21.8184	22.5496	2.26938	2.1	-0.731192	
457	5	43.5		2.12	4	21.1641	21.8192	22.4743	2.28936	1.8	-0.655129	
458	5	44.5		1.72	4	21.2747	21.819	22.3633	2.32069	1.5	-0.544336	
459	5	45.1	AD.129L-Col	1.49	4	21.3454	21.8188	22.2921	2.34052	1.2	-0.473365	
460	5	46.1		1.53	4	21.3308	21.8154	22.2999	2.33371	1.3	-0.484583	
461	5	47.1		1.47	4	21.349	21.8114	22.2737	2.33771	1.3	-0.462321	
462	5	48.1		1.33	4	21.3927	21.8077	22.2227	2.34984	1.1	-0.415019	
463	5	48.6	HH.480C	1.24	4	21.4206	21.8062	22.1919	2.35769	1	-0.385633	
464	5	49.6		1.37	4	21.4052	21.8152	22.2252	2.3453	1.2	-0.409979
465	5	50.6		1.47	4	21.4004	21.8246	22.2489	2.3359	1.3	-0.424248
466	5	51.6		1.53	4	21.4055	21.8338	22.2621	2.33017	1.3	-0.428296
467	5	52.6		1.56	4	21.4194	21.8423	22.2652	2.32823	1.4	-0.422911
468	5	53.6		1.56	4	21.4403	21.8497	22.2591	2.32976	1.4	-0.409397
469	5	54.6		1.53	4	21.4664	21.8558	22.2452	2.33418	1.3	-0.38944
470	5	55.5	BH.96L-Col	1.48	4	21.4925	21.8601	22.2278	2.33995	1.2	-0.367622
471	5	56.5		1.32	4	21.5003	21.8592	22.2182	2.347	1.2	-0.358951
472	5	57.5		1.13	4	21.517	21.8566	22.1962	2.35818	1	-0.339588
473	5	58.5		0.92	5	21.5432	21.8524	22.1616	2.37281	0.8	-0.309203
474	5	59.5		0.7	5	21.578	21.8469	22.1157	2.38946	0.7	-0.268863
475	5	60.5		0.5	4	21.6185	21.8405	22.0626	2.40584	0.5	-0.222063
476	5	61.5		0.34	4	21.6601	21.8342	22.0082	2.41973	0.3	-0.174077
477	5	61.9	CH.60C	0.28	4	21.6761	21.8317	21.9874	2.4243	0.2	-0.155668
478	5	62.9		0.26	4	21.6762	21.8324	21.9886	2.42493	0.2	-0.156233
479	5	63.9		0.24	4	21.6816	21.8324	21.9833	2.42662	0.2	-0.150842
480	5	64.9		0.2	4	21.6925	21.8317	21.971	2.42928	0.2	-0.139251
481	5	65.9		0.16	4	21.7076	21.8302	21.9528	2.43248	0.1	-0.122608
482	5	66.3	CD.179L	0.15	4	21.7144	21.8295	21.9445	2.43378	0.1	-0.115038
483	5	67.3		0.14	4	21.7167	21.8309	21.945	2.43408	0.1	-0.114145
484	5	68.3		0.13	4	21.7234	21.8314	21.9394	2.43503	0.1	-0.108043
485	5	69.3		0.11	4	21.7334	21.8309	21.9285	2.43645	0.1	-0.0975581
486	5	69.7	CD.116L	0.1	4	21.738	21.8305	21.923	2.43709	0.1	-0.0925208
487	5	70.7		0.13	4	21.7292	21.8365	21.9438	2.43485	0.1	-0.107297
488	5	71.7		0.16	4	21.722	21.8432	21.9645	2.43245	0.1	-0.12127
489	5	72.7		0.19	4	21.7167	21.8502	21.9837	2.43009	0.2	-0.133498
490	5	73.7		0.22	4	21.7139	21.8571	22.0003	2.42797	0.2	-0.143198
491	5	74.7		0.24	4	21.7136	21.8635	22.0134	2.42625	0.2	-0.149886
492	5	75.5	DFR	0.26	4	21.7151	21.868	22.021	2.42523	0.2	-0.152968
493	5	76.5		0.34	4	21.6951	21.8753	22.0554	2.41859	0.3	-0.180141
494	5	77.5		0.41	4	21.6762	21.8808	22.0855	2.41161	0.4	-0.204668
495	5	78.5		0.49	4	21.6601	21.8839	22.1078	2.40525	0.5	-0.223848
496	5	79.5		0.56	4	21.6483	21.8842	22.1201	2.40041	0.5	-0.235873
497	5	80.5		0.61	4	21.6416	21.8817	22.1219	2.39766	0.6	-0.240162
498	5	81.5		0.64	4	21.6398	21.877	22.1143	2.39708	0.6	-0.237253
499	5	82.1	AD.75C-Col	0.65	4	21.6408	21.8734	22.106	2.39766	0.6	-0.232598
500	5	83.1		0.7	4	21.6264	21.8774	22.1285	2.39179	0.6	-0.251058
501	5	84.1		0.73	4	21.6156	21.8804	22.1453	2.38724	0.7	-0.264852
502	5	85.1		0.75	4	21.6098	21.882	22.1541	2.38485	0.7	-0.272166
503	5	86.1		0.75	4	21.6101	21.8819	22.1537	2.38518	0.7	-0.271806
504	5	87.1		0.72	4	21.6167	21.8801	22.1436	2.38834	0.7	-0.263411
505	5	88.1		0.67	4	21.6291	21.8768	22.1245	2.39388	0.6	-0.247671
506	5	88.7	HH.445L-Col	0.64	4	21.6387	21.8741	22.1095	2.39795	0.6	-0.235442
507	5	89.7		0.5	4	21.6472	21.8652	22.0832	2.40647	0.5	-0.218009
508	5	90.7		0.36	4	21.6656	21.8541	22.0425	2.41688	0.3	-0.188455
509	5	91.7		0.23	4	21.6932	21.8419	21.9906	2.42741	0.2	-0.148681
510	5	92	CC.262C	0.19	4	21.7028	21.8383	21.9739	2.43026	0.2	-0.135555
511	5	93		0.14	4	21.7153	21.8371	21.9589	2.43359	0.1	-0.121781
512	5	94		0.08	4	21.7392	21.8324	21.9255	2.43828	0.1	-0.0931618
513	5	94.9	GB.102L-Col/105C	0.03	4	21.7665	21.8256	21.8848	2.44203	0	-0.0591473
514	5	95.9		0	4	21.8012	21.8148	21.8284	2.44464	0	-0.0136266
515	5	96.9		0.02	4	21.8488	21.8032	21.7576	2.444	0	0.0456021
516	5	97.9		0.09	4	21.9093	21.7917	21.674	2.43833	0.1	0.117653
517	5	98.9		0.24	4	21.9788	21.782	21.5851	2.42676	0.2	0.196857
518	5	99.9		0.46	4	22.0493	21.7756	21.5019	2.41067	0.4	0.273688
519	5	100.9		0.72	4	22.1127	21.7731	21.4336	2.39305	0.6	0.339592
520	5	101.7	HH.143C	0.95	4	22.1554	21.774	21.3925	2.37983	0.8	0.38148
521	5	102.7		1.03	4	22.2242	21.7775	21.3308	2.3688	0.9	0.446704
522	5	103.5	BF.168L-Col	11.31	4	22.8105	21.7899	20.7693	2.59951	11.7	1.02062
523	5	104.5		12.5	5	22.8861	21.7779	20.6698	2.46704	13.3	1.10815
524	5	105.5		13.33	5	22.9278	21.7757	20.6236	2.39654	14.1	1.15212
525	5	106.5		13.85	5	22.9492	21.7785	20.6078	2.3631	14.5	1.17069
526	5	107.5		14.08	5	22.9568	21.7844	20.612	2.35397	14.6	1.17238
527	5	108.5		14.04	5	22.9511	21.793	20.6348	2.36721	14.4	1.15815
528	5	109.5		13.72	4	22.9281	21.8047	20.6814	2.40914	14	1.12335	
529	5	110	DF.119L	13.44	4	22.9072	21.8119	20.7166	2.44486	13.5	1.09532	X
530	5	111		13.61	4	22.9399	21.8086	20.6774	2.40456	14	1.13123	
531	5	112		13.53	5	22.957	21.8084	20.6598	2.39216	14.2	1.1486	
532	5	113		13.21	5	22.9617	21.8108	20.6599	2.40222	14	1.15089	
533	5	114		12.64	5	22.954	21.8158	20.6776	2.4344	13.7	1.13821	
534	5	115		11.79	5	22.9307	21.8243	20.7179	2.49453	12.9	1.10641	
535	5	116		10.67	5	22.883	21.8381	20.7932	2.59669	11.7	1.04492	
536	5	117		9.28	4	22.7983	21.8593	20.9203	2.75622	9.9	0.939012	
537	5	117	HH.122C/120L	9.28	4	22.7983	21.8593	20.9203	2.75622	9.9	0.939012	
