	M1	M2	M3	M4	M5	M13	M9	M11	M12	M10	M8	M7	M6	M14	M15	M16	M19	M18	M17	M21	M90	M20	M26	M22	M24	M23	M25	M27	M28	M29	M31	M32	M33	M34	M35	M36	M52	M50	M51	M49	M48	M47	M46	M45	M44	M43	M42	M41	M40	M39	M38	M37	M55	M54	M53	M57	M56	M59	M58	M82	M61	M60	M63	M62	M66	M65	M69	M70	M71	M72	M73	M75	M76	M77	M78	M79	M80	M81	M83	M84	M85	M86	M87	M88	M108	M92	M93	M94	M95	M96	M97	M98	M100	M99	M101	M103	M102	M104	M105	M107	M106	
1	2	2	2	2	2	2	2	1	2	2	2	1	2	2	2	2	2	1	1	1	1	1	1	2	2	2	2	1	2	2	2	2	2	1	1	1	2	1	1	2	2	1	1	2	1	2	2	2	2	2	2	2	2	1	2	2	2	1	2	1	2	1	1	2	2	2	1	1	1	1	1	1	2	2	1	2	2	1	2	2	1	2	2	1	2	2	2	2	2	2	2	2	1	1	1	1	1	1	1	1	1
2	2	2	2	1	2	1	1	1	1	1	1	2	2	1	1	1	2	2	2	1	1	1	2	2	1	1	2	1	1	1	1	1	1	1	1	1	2	2	1	2	2	2	2	2	2	1	2	1	1	1	1	1	2	1	2	1	2	1	1	1	1	1	2	2	1	1	2	2	2	1	1	2	2	2	2	2	2	2	1	2	2	2	2	1	2	2	2	2	2	2	2	2	1	1	1	2	2	1	2	1	1
3	1	1	1	1	1	2	2	2	2	2	2	2	2	1	2	1	1	1	1	1	1	1	1	1	2	2	1	1	1	1	1	1	1	1	1	2	2	2	1	2	2	1	2	1	2	2	2	2	2	1	1	1	2	2	2	2	2	2	2	1	1	1	2	2	1	1	2	1	1	1	1	2	2	2	2	2	1	1	1	2	2	2	2	1	2	2	2	2	2	2	2	2	2	2	2	2	1	1	1	1	1
4	2	2	2	2	2	2	2	2	2	2	2	1	1	1	1	1	1	1	1	2	2	2	2	2	2	2	2	1	1	1	2	2	1	1	1	1	2	2	2	2	2	2	2	2	2	2	2	1	2	1	1	1	2	1	2	2	2	2	2	1	1	1	1	1	1	1	1	1	1	1	1	1	1	1	1	1	1	1	2	2	2	2	2	1	1	1	1	2	1	1	1	1	2	2	2	1	1	1	1	1	1
5	2	2	2	2	2	2	2	2	2	2	2	2	2	2	2	1	1	1	1	2	2	2	1	1	2	2	2	2	2	2	2	2	1	1	1	1	2	1	1	1	1	1	1	1	1	1	1	1	1	1	1	1	2	1	2	2	2	1	1	1	1	1	2	2	1	2	1	1	1	1	1	1	1	1	1	1	1	1	2	2	1	1	1	2	1	1	1	1	1	1	1	1	1	1	1	1	1	1	1	1	1
6	1	1	1	1	1	1	1	1	1	1	1	1	1	2	2	2	2	2	2	1	1	1	2	1	2	2	2	2	1	1	1	1	1	1	1	1	2	2	2	2	2	2	2	2	2	1	2	2	2	1	1	1	1	1	1	1	1	1	1	1	2	2	1	1	1	1	1	1	1	1	1	2	2	2	2	2	2	1	1	1	1	1	1	1	1	1	1	1	1	1	1	2	2	2	2	2	2	1	2	1	1
7	2	2	2	1	1	1	1	1	1	1	1	2	2	2	2	2	1	1	2	2	2	2	1	1	1	1	1	2	1	1	1	1	2	2	2	2	2	2	2	2	2	2	2	2	2	2	2	2	2	2	2	2	1	1	1	1	2	2	2	1	1	1	2	2	2	2	1	1	1	1	1	1	1	1	1	2	1	1	2	2	2	1	1	1	1	1	1	1	1	1	1	1	1	1	1	2	2	2	1	2	2
8	2	2	2	2	2	2	2	2	1	2	2	2	2	2	2	2	2	1	1	2	2	2	2	2	2	2	2	2	2	2	1	1	1	1	1	1	1	1	1	1	1	1	1	1	2	2	2	2	2	1	1	1	1	1	1	2	2	2	2	1	1	1	2	1	1	1	2	2	2	2	2	1	1	1	1	1	1	1	2	2	2	2	1	2	1	2	2	2	2	1	1	1	1	1	1	2	2	2	2	1	1
9	1	1	2	2	1	1	1	1	1	1	1	2	2	2	2	1	1	1	1	1	1	2	2	1	2	2	2	2	2	2	2	2	1	1	1	1	2	2	2	2	2	2	2	2	2	2	2	2	2	1	2	2	1	1	1	1	1	1	1	1	1	1	2	2	1	2	1	1	1	1	1	1	1	1	1	2	1	1	1	1	1	1	2	2	2	1	2	1	1	2	2	2	2	2	2	1	1	1	1	2	2
10	2	2	1	2	2	2	2	2	2	2	2	2	2	2	2	1	1	1	1	1	1	1	2	2	1	2	1	2	2	2	2	2	2	2	2	1	1	1	1	1	1	1	1	1	1	1	1	2	2	1	1	1	1	1	1	1	1	1	1	1	2	2	2	2	1	1	1	1	1	1	1	2	2	2	2	2	2	1	1	1	1	1	1	1	2	2	2	1	2	2	2	2	1	1	1	2	2	1	2	2	2
11	2	2	2	2	2	2	2	2	2	2	2	2	2	2	2	1	2	2	2	1	1	1	1	1	1	1	2	2	2	2	2	2	2	2	2	2	1	1	1	1	1	1	1	1	1	1	1	1	2	1	1	1	2	2	2	1	2	1	1	2	2	2	1	1	2	2	1	2	1	1	1	1	1	1	1	1	1	1	1	1	1	1	1	1	1	2	2	2	2	2	1	1	1	1	1	1	1	1	1	1	1
12	1	1	2	2	2	1	1	1	1	1	1	1	1	1	1	1	1	1	1	1	1	2	2	2	2	2	2	2	2	2	1	1	1	2	2	2	2	2	1	2	2	2	2	2	2	2	2	2	2	1	1	2	1	1	1	1	1	1	1	1	1	1	2	2	1	1	2	2	2	2	1	1	1	1	2	2	2	1	1	1	1	1	1	1	1	2	2	2	1	2	2	2	2	2	2	1	1	1	1	2	2
13	1	1	1	1	1	1	1	1	1	1	1	1	1	2	2	2	2	2	2	2	2	2	2	2	2	2	2	2	2	1	2	2	2	2	2	2	1	1	1	1	1	1	1	1	1	1	2	2	2	2	2	2	2	2	2	2	2	2	2	1	1	1	2	2	1	1	2	2	2	2	1	1	1	1	1	1	1	2	2	2	1	1	1	1	2	2	2	2	2	2	2	2	1	1	1	2	2	2	2	1	1
14	2	2	2	2	2	1	1	1	1	1	1	1	1	2	2	2	2	2	2	1	1	1	2	2	2	2	2	2	2	2	2	2	2	2	2	2	1	1	1	1	1	1	1	1	1	1	1	2	2	2	2	2	2	2	2	1	1	1	1	1	1	1	2	2	2	2	2	2	2	2	2	1	1	1	2	1	1	1	2	2	2	2	2	2	1	1	1	1	1	1	1	1	2	1	2	1	1	2	2	1	1
15	2	2	2	2	2	2	2	2	2	2	2	2	2	2	2	2	2	2	2	2	2	2	2	2	2	2	2	2	2	2	1	1	1	1	1	1	2	1	1	1	1	2	2	2	2	2	2	1	1	2	2	1	2	2	2	2	2	2	2	1	2	2	1	1	1	1	2	1	1	1	2	2	1	1	1	1	1	1	1	2	2	2	2	2	1	1	1	1	1	1	1	1	2	2	2	2	2	2	2	2	2
16	1	1	1	1	1	1	1	1	1	1	1	1	1	1	1	2	2	2	2	1	1	1	2	2	2	2	1	2	2	1	1	1	1	1	1	1	2	2	2	2	2	2	2	2	1	1	1	2	2	2	1	1	1	1	1	1	1	1	1	1	2	2	2	2	1	1	1	1	1	1	1	1	1	1	2	2	2	2	1	1	1	2	2	2	1	1	1	1	1	1	1	1	1	1	1	2	2	1	1	1	1
17	1	1	1	1	1	2	2	2	2	2	2	2	2	2	2	2	2	2	2	2	2	2	2	2	2	2	2	2	2	2	1	1	1	1	1	1	1	1	1	1	1	1	1	1	1	1	1	1	1	1	1	1	2	2	2	1	1	1	1	1	1	1	1	2	2	2	2	2	2	2	1	2	2	2	2	2	1	2	2	2	2	2	2	2	1	2	2	2	2	2	2	1	1	1	1	1	1	1	1	1	1
18	1	2	2	2	2	2	2	2	2	2	2	1	1	2	2	1	1	1	1	2	2	2	2	2	2	2	2	2	1	1	2	2	2	2	2	2	1	1	1	2	2	2	2	2	2	1	1	1	2	1	1	1	2	2	2	1	1	1	2	1	1	1	2	2	1	1	2	2	2	2	2	2	2	2	1	1	1	1	1	1	1	1	1	1	1	1	1	1	1	1	1	1	2	2	2	1	1	2	1	1	1
19	1	1	2	2	2	2	2	2	2	2	2	2	2	2	2	2	1	1	1	1	1	1	2	1	1	1	1	2	2	1	2	2	2	2	2	2	1	1	1	1	1	1	1	1	1	2	2	2	2	1	1	1	1	1	1	2	2	1	1	1	2	2	1	1	1	2	1	2	2	2	2	2	2	2	2	2	2	1	2	2	2	2	2	1	1	2	2	1	1	1	1	1	1	1	1	2	2	2	2	2	2
20	2	2	2	2	2	2	2	2	2	2	2	2	2	2	2	2	2	2	1	2	2	2	2	2	2	2	1	2	2	2	2	2	2	2	2	2	2	2	2	2	2	2	2	1	2	2	2	2	1	1	1	1	1	1	1	2	2	2	2	1	1	1	2	2	1	2	2	1	1	2	2	2	2	2	1	2	2	2	2	2	2	2	2	2	2	2	2	2	2	2	2	1	1	1	1	1	1	1	1	2	2
21	1	1	1	1	1	2	2	2	2	2	2	2	2	2	2	2	1	1	1	2	2	2	1	1	1	1	1	1	2	2	1	1	2	2	2	2	1	2	2	2	2	2	2	2	1	1	1	2	2	2	1	1	2	2	2	2	2	1	1	1	2	2	1	1	2	1	2	2	2	2	1	1	1	1	1	1	1	1	2	2	2	2	2	2	2	2	2	2	2	2	1	1	2	2	2	1	1	1	1	1	1
22	2	2	2	2	2	2	2	2	2	2	2	2	2	2	2	2	2	2	2	1	1	1	1	2	1	1	1	2	2	2	1	1	1	1	1	1	2	1	1	1	1	1	1	1	1	1	1	1	2	2	1	2	2	2	2	2	2	2	2	1	1	1	1	1	1	1	2	2	2	2	1	2	2	2	2	2	2	1	2	2	2	2	2	2	2	2	2	2	2	2	2	2	1	1	1	1	1	1	1	2	2
23	2	2	2	2	2	2	2	2	2	2	2	2	2	2	2	2	1	1	1	2	2	2	2	2	2	2	1	2	2	2	2	2	1	1	1	1	2	2	2	2	2	1	2	2	1	1	1	2	2	2	2	2	2	2	2	1	1	1	2	1	2	2	1	1	1	1	1	1	1	1	1	2	2	2	2	2	2	2	2	1	1	1	1	1	1	1	1	1	1	1	2	2	2	2	2	2	2	2	2	1	2
24	2	2	1	1	1	1	1	1	1	1	1	1	1	1	1	1	1	1	1	1	1	1	2	2	2	2	2	2	1	1	1	1	2	1	2	1	2	2	2	2	2	1	1	1	2	2	2	2	2	2	1	1	1	1	1	1	1	2	2	1	1	1	1	1	2	2	1	1	1	1	1	2	2	2	2	2	1	1	2	2	2	2	2	2	1	2	2	2	1	1	1	1	1	1	1	2	2	2	2	2	2
25	1	2	2	2	2	1	1	1	1	1	1	2	2	2	2	2	2	2	2	2	2	2	1	1	2	2	2	2	2	2	2	2	2	2	2	2	1	1	1	1	1	1	1	1	2	2	2	1	1	1	1	1	1	1	1	2	2	2	2	1	1	1	1	2	1	2	1	1	1	2	1	1	1	1	1	1	1	1	1	1	2	2	2	2	1	2	2	2	2	2	1	1	1	1	1	2	1	1	1	1	1
26	2	1	2	1	1	1	2	1	2	1	1	2	2	2	2	2	2	1	2	2	2	2	1	1	1	1	1	2	2	2	1	1	2	2	2	2	1	1	2	2	2	2	2	2	2	2	2	2	2	1	1	1	2	2	2	2	2	1	1	1	1	1	2	2	1	1	1	1	1	1	1	1	1	1	1	1	1	1	1	2	2	2	2	2	1	1	1	1	1	1	1	1	1	2	1	2	2	2	2	1	1
27	2	2	2	2	2	1	1	1	1	1	1	1	2	2	2	2	2	2	2	1	1	1	1	1	1	1	2	2	2	2	2	2	1	1	1	1	1	2	2	2	2	2	2	2	2	2	2	2	2	1	1	1	1	1	1	1	1	1	1	1	1	1	1	1	1	1	2	2	2	2	2	2	2	2	2	2	2	1	1	1	1	1	1	1	1	1	1	1	1	1	1	1	1	1	1	2	2	2	2	1	1
28	1	1	1	1	1	2	2	2	2	2	2	2	2	1	1	1	2	2	2	1	1	1	1	1	1	1	1	1	1	1	2	1	2	2	1	1	1	1	1	1	1	1	1	1	2	2	2	1	1	2	2	2	2	2	2	2	2	2	2	2	1	2	1	1	2	2	1	2	1	2	1	1	1	1	2	2	2	2	2	2	2	2	2	2	1	2	2	2	2	1	2	2	1	1	1	2	2	2	2	1	1
29	2	2	1	1	2	2	2	2	2	2	2	2	2	2	1	2	2	2	1	2	2	2	2	2	2	2	2	2	2	2	2	2	2	2	2	2	1	2	2	2	1	1	1	1	1	1	2	2	2	1	1	1	1	1	1	1	1	1	1	1	1	1	2	2	1	1	1	1	1	1	1	2	2	2	2	2	2	2	1	1	1	1	1	1	1	2	2	2	2	1	1	1	1	1	1	1	1	1	1	2	2
30	2	2	2	2	2	2	2	2	2	2	2	2	2	2	1	2	1	1	1	1	1	1	1	1	1	1	1	2	1	2	2	2	2	2	2	2	2	2	2	2	2	2	2	2	2	2	2	2	2	2	2	2	2	2	2	2	2	2	2	1	1	1	2	2	2	2	2	2	2	2	1	1	1	1	1	1	2	1	2	1	1	1	1	1	1	2	2	2	2	2	2	2	2	2	2	2	2	2	2	1	1
31	1	1	1	1	1	1	1	1	1	1	1	1	1	1	2	2	2	2	2	2	2	2	1	1	2	2	1	1	1	1	1	1	2	1	1	1	1	1	1	2	2	2	2	2	1	1	1	1	1	2	2	2	1	1	1	1	1	2	2	1	1	1	1	1	2	2	2	2	2	2	2	2	2	2	2	2	2	2	1	1	1	1	1	1	1	1	1	1	1	1	1	1	1	2	2	1	1	1	1	1	1
32	2	2	2	1	2	1	2	2	1	2	2	2	2	1	2	1	1	1	1	1	1	1	2	2	2	1	2	2	1	1	1	1	1	1	1	1	2	1	1	1	2	2	2	2	1	2	2	2	2	1	1	1	1	1	1	2	1	1	2	1	1	2	1	1	1	1	1	2	2	2	2	1	1	1	1	1	2	1	1	1	1	1	1	1	2	1	1	1	1	2	2	2	2	2	2	2	2	1	1	2	1
33	2	2	2	1	2	1	2	1	2	1	1	1	1	1	1	1	2	2	2	1	1	1	2	2	2	2	2	2	2	2	2	2	2	1	1	1	1	2	2	2	1	1	1	1	1	1	1	1	1	1	1	2	1	2	2	1	2	1	1	1	2	2	1	1	2	1	1	1	1	2	1	2	2	2	2	2	2	1	1	1	1	1	1	1	2	1	1	1	2	2	1	1	1	1	1	2	2	2	2	1	1
34	2	2	2	2	2	1	1	1	1	1	1	1	1	1	1	1	2	2	2	1	1	1	1	1	1	1	1	1	1	1	2	2	2	2	2	2	1	1	1	1	1	1	1	1	2	2	2	2	2	2	2	2	1	1	1	1	1	1	1	1	2	2	2	1	1	1	2	2	2	2	2	1	1	2	2	2	1	1	1	1	1	1	1	1	1	1	1	1	1	1	1	1	1	1	2	1	1	1	1	1	1
35	2	2	2	2	2	1	1	1	1	1	1	1	1	2	2	2	2	1	1	1	2	2	1	1	1	1	1	1	2	2	1	1	2	2	2	2	1	2	2	2	1	1	1	1	1	1	2	2	1	1	2	2	2	2	2	1	1	1	1	1	1	1	2	2	1	1	2	2	2	2	1	1	1	1	1	1	1	1	2	2	1	1	1	1	2	2	2	2	2	2	2	2	2	1	1	2	2	2	2	2	2
36	1	1	1	1	1	1	1	1	1	1	1	1	1	2	2	1	1	1	1	1	1	1	2	2	2	2	2	2	2	2	1	1	1	1	1	1	1	2	2	2	2	2	2	2	2	2	2	2	2	2	2	2	1	1	2	1	1	2	2	1	2	2	1	1	2	1	1	1	1	1	1	2	2	2	2	2	2	1	2	2	2	2	1	1	1	1	1	1	1	1	2	2	2	2	2	2	2	2	2	2	2
37	2	2	2	2	2	1	1	1	1	1	1	1	1	2	2	2	2	2	2	2	2	2	2	2	2	2	1	1	2	2	2	2	2	2	2	2	1	1	1	1	1	2	2	2	2	2	2	2	2	2	1	1	1	1	1	1	1	1	2	1	1	1	2	2	2	1	1	2	2	1	1	2	1	1	2	1	2	2	1	1	1	2	2	2	2	2	2	2	2	2	1	1	2	2	2	2	2	2	2	2	2
38	2	2	1	1	1	2	2	2	2	2	2	2	2	1	1	1	1	1	1	1	1	1	2	2	2	2	1	1	2	2	1	1	1	1	1	1	1	2	2	2	2	2	2	2	2	2	2	2	2	2	2	2	2	2	2	2	2	1	1	2	2	2	2	2	2	2	1	2	2	2	1	1	1	2	1	2	2	2	2	2	2	2	2	2	1	2	2	2	2	2	2	2	2	1	1	1	1	1	1	1	1
39	2	2	2	1	1	2	2	2	2	1	2	1	1	2	2	1	1	1	1	1	1	1	2	2	2	2	2	2	2	2	2	2	2	2	2	2	1	2	2	2	2	2	2	2	2	2	2	2	1	1	1	1	2	2	2	1	1	2	2	1	1	2	1	1	2	1	2	2	2	1	1	1	1	1	2	1	2	1	2	1	1	1	1	1	1	1	1	1	2	2	2	2	1	1	1	2	2	1	1	1	1
40	1	1	1	1	1	2	2	1	2	2	2	2	2	2	2	2	2	2	2	2	2	2	1	2	1	1	1	2	2	2	2	2	2	2	2	2	2	2	2	2	2	2	2	2	2	2	2	2	2	2	2	2	2	2	2	1	1	2	2	2	2	2	1	1	1	1	1	1	1	1	1	2	2	2	2	2	1	1	1	1	1	1	1	1	2	2	2	2	2	2	2	2	2	2	2	2	2	2	2	1	1
41	2	2	2	2	2	2	2	2	2	2	2	2	2	2	2	2	2	1	1	1	1	1	1	1	1	2	2	2	1	2	2	1	1	2	1	1	1	2	1	1	2	1	1	1	1	2	1	2	2	2	1	1	1	1	1	1	1	1	1	2	2	2	1	1	2	2	2	2	2	2	2	2	2	2	2	2	2	2	1	1	1	1	1	1	1	2	2	2	2	2	2	2	2	2	2	1	2	2	2	2	1
42	1	1	1	1	1	1	1	1	1	1	1	1	1	1	1	2	2	1	1	2	2	2	2	2	2	2	2	2	2	2	2	2	2	2	2	2	1	1	1	1	1	1	1	1	1	1	1	1	1	1	2	2	2	2	2	2	2	1	1	2	2	2	1	2	1	1	1	1	1	1	1	2	2	2	2	2	2	1	1	1	1	1	1	2	2	2	2	2	2	2	2	2	1	1	1	2	2	2	2	2	1
43	2	2	2	2	2	2	2	2	2	2	2	2	2	1	2	1	2	1	1	1	1	1	1	2	2	2	2	2	1	1	1	1	1	1	1	1	2	2	2	2	2	2	2	2	1	1	1	1	1	1	1	1	1	1	1	2	2	1	1	1	1	1	1	1	1	1	1	2	2	2	2	2	2	2	2	2	2	2	1	1	1	2	2	2	2	2	2	2	2	2	1	1	1	1	1	1	1	1	1	1	2
44	2	2	2	2	2	2	2	2	2	2	2	2	2	2	2	2	2	1	1	1	1	2	1	1	1	1	1	2	2	2	2	2	2	1	2	2	2	2	2	2	1	1	1	1	1	1	1	1	1	1	1	1	1	1	1	2	2	1	1	1	1	1	2	2	1	1	1	2	2	2	2	2	2	2	2	2	2	2	2	1	2	1	1	2	2	1	1	1	1	1	1	1	2	2	1	1	1	1	1	2	2
45	2	2	2	2	2	2	2	2	2	2	2	2	2	2	2	2	2	2	2	2	1	1	2	2	2	2	2	2	2	2	1	1	2	2	2	2	2	2	2	2	2	1	1	1	1	1	1	1	1	1	1	1	1	1	1	1	1	1	1	1	1	1	1	1	1	1	2	2	2	2	1	1	1	1	1	1	1	1	2	2	1	1	1	1	1	2	2	2	1	1	1	1	1	1	1	1	1	1	1	2	2
46	2	2	2	2	2	2	2	2	2	2	2	2	2	2	2	2	2	2	1	2	1	1	1	1	1	1	1	2	2	2	2	2	2	2	2	2	2	1	1	1	1	1	1	1	1	1	1	2	2	1	2	2	2	2	2	2	2	1	1	1	2	2	1	1	2	1	2	2	2	1	1	2	2	2	2	2	1	1	1	2	2	2	2	2	1	1	1	1	1	1	2	2	2	2	2	1	1	1	1	2	1
47	1	1	1	1	1	2	2	1	2	1	1	1	1	2	2	2	2	2	2	2	2	2	2	2	2	2	2	2	1	1	1	1	2	1	2	1	1	2	2	1	1	1	1	1	2	2	2	1	1	2	2	2	1	1	1	2	2	2	2	1	1	1	1	1	2	2	1	1	1	1	1	2	2	2	2	2	2	2	1	1	1	1	1	1	1	1	1	1	1	1	1	1	1	1	1	1	2	2	1	2	1
48	2	1	1	1	1	2	2	2	2	2	2	2	2	2	2	2	2	1	1	1	1	1	2	1	1	1	1	1	1	1	1	1	1	1	1	1	2	1	1	1	1	2	2	2	1	2	2	2	2	1	2	1	1	1	1	1	2	2	2	1	1	1	1	2	2	2	1	1	1	1	1	2	2	2	2	2	2	2	2	1	1	1	1	1	1	2	2	2	1	1	2	2	1	1	2	2	1	1	1	1	1
49	2	2	1	2	2	1	1	1	1	1	1	1	1	2	2	2	2	2	2	1	1	1	1	1	1	1	1	1	1	1	1	1	2	2	2	2	2	2	2	2	2	2	2	2	2	2	2	1	1	1	1	1	2	2	2	2	2	1	1	1	1	1	1	1	2	2	1	1	1	1	2	1	1	1	2	2	1	2	1	2	2	2	2	2	1	2	2	2	1	1	1	1	1	2	2	1	1	1	1	1	2
50	2	2	2	2	2	2	2	2	2	2	2	2	2	2	2	2	2	2	1	1	1	1	2	2	2	2	2	2	2	2	2	2	1	1	1	1	1	1	1	2	2	2	2	2	2	2	2	2	2	2	1	1	1	1	1	1	1	1	1	1	2	2	1	1	2	2	2	1	1	1	1	1	1	1	1	1	2	2	1	2	2	2	2	2	2	2	2	2	2	2	2	2	1	1	1	2	2	2	2	2	2
51	2	2	2	2	2	2	2	2	2	2	2	2	2	2	2	1	1	1	1	2	2	2	2	2	2	2	2	2	2	2	1	1	1	1	1	1	2	2	2	2	2	2	1	1	1	1	2	2	2	1	1	2	2	2	2	1	1	2	2	1	2	2	1	1	2	2	1	1	1	1	1	2	2	2	2	2	2	2	2	2	2	2	2	2	1	1	1	1	1	1	1	1	2	1	2	2	2	2	2	2	1
52	1	1	2	2	2	1	1	1	1	1	1	1	1	1	1	2	2	2	2	2	2	2	1	1	1	1	1	1	1	1	1	1	2	2	2	2	1	1	1	1	1	1	1	2	2	2	2	2	2	2	2	2	1	1	1	1	1	1	1	1	1	1	2	2	2	1	2	2	2	2	2	2	2	2	2	2	2	1	1	2	2	2	2	2	1	1	1	1	1	1	1	1	1	1	1	1	1	1	1	1	2
53	2	2	1	1	1	1	1	1	1	1	1	1	1	1	1	2	1	1	1	1	2	2	2	2	2	2	1	1	1	1	1	1	1	1	1	1	1	1	1	1	1	1	1	1	1	1	1	1	1	2	2	2	2	2	2	2	2	1	1	1	2	2	2	2	2	2	2	2	2	2	2	2	2	2	2	2	2	2	2	2	2	2	2	2	1	1	1	1	1	1	1	1	2	2	1	2	2	2	2	1	2
54	2	2	2	2	2	2	2	2	2	2	2	2	2	2	2	2	1	1	1	1	1	1	2	2	1	1	1	1	1	1	1	1	1	1	1	1	1	2	2	2	2	2	2	2	2	2	2	1	1	2	2	2	2	2	2	2	2	1	1	1	2	2	2	2	2	1	1	1	1	1	2	2	2	2	2	2	2	1	2	2	1	2	2	2	1	1	1	1	1	1	1	1	2	2	2	2	2	1	1	1	2
55	1	1	1	1	1	1	1	1	1	1	1	1	1	1	1	2	2	2	2	2	1	1	2	2	2	2	2	2	2	2	2	2	2	2	2	2	1	1	1	1	1	1	1	1	1	1	1	1	1	1	1	1	2	2	2	2	2	2	2	1	2	2	2	2	2	2	1	1	1	1	1	2	2	2	1	1	2	1	1	1	1	1	1	1	2	1	1	1	1	2	2	2	2	2	2	2	2	2	2	1	2
56	2	2	2	2	2	1	1	1	1	1	1	1	1	2	2	2	2	2	2	2	2	2	2	2	2	2	1	1	1	1	1	1	1	1	1	1	1	1	1	1	1	1	1	2	2	2	2	2	2	2	2	2	1	1	1	2	2	2	2	1	1	1	1	1	1	1	2	1	1	2	2	1	2	2	2	2	1	1	1	1	1	1	1	1	2	2	2	2	2	2	2	1	1	1	1	1	1	1	1	2	1
57	1	1	1	1	1	1	1	1	1	1	1	1	1	1	1	2	2	1	1	2	2	1	2	2	1	1	1	2	2	2	2	2	2	1	1	1	2	2	2	2	2	2	2	2	2	2	2	2	1	2	1	1	1	2	2	2	2	1	1	1	1	1	2	2	1	1	1	1	1	1	1	1	1	1	1	1	2	2	1	1	1	1	1	1	1	2	2	2	2	2	1	2	1	1	1	2	2	2	2	1	1
58	2	2	2	2	2	2	2	2	2	2	2	2	2	2	2	2	2	2	2	1	1	1	2	2	2	2	2	1	1	1	1	1	1	1	1	1	2	2	2	2	2	2	2	2	2	2	2	2	2	2	1	1	2	2	2	2	2	2	2	1	1	1	2	2	2	2	1	1	1	1	1	2	2	2	2	2	1	2	1	1	1	1	1	1	1	1	1	1	1	1	1	1	1	1	1	1	1	1	1	1	2
59	2	2	2	2	2	1	1	1	1	1	1	1	1	2	2	2	1	1	1	1	1	1	2	2	2	2	2	2	1	1	1	1	1	1	1	1	2	2	2	1	1	1	1	1	1	1	1	1	1	1	1	1	1	1	1	1	2	1	1	1	1	1	2	2	1	1	1	1	1	2	2	1	1	1	1	1	2	1	1	1	1	1	1	1	2	2	2	2	2	2	2	2	2	1	1	2	2	2	2	2	2
60	2	2	2	1	1	1	1	1	1	1	1	1	1	2	2	2	2	2	1	1	1	2	2	2	2	2	2	2	1	1	1	1	1	1	1	1	1	2	2	2	2	1	1	1	1	1	1	1	1	1	2	2	2	2	2	2	2	2	2	1	1	1	1	1	1	1	2	2	2	2	2	1	1	1	1	2	1	1	2	2	2	2	2	2	1	2	2	1	2	1	1	1	2	1	1	2	2	2	2	1	1
61	1	1	1	1	1	1	1	1	1	1	1	1	1	1	1	2	2	2	2	2	2	2	2	2	1	1	1	2	2	2	2	2	2	2	2	1	2	2	2	2	2	2	2	2	2	2	2	2	2	2	1	1	2	2	2	2	2	1	1	1	1	1	2	2	1	1	1	1	1	1	1	1	1	1	1	1	2	2	1	1	1	1	1	1	2	2	2	2	2	2	1	2	1	1	1	2	2	2	2	2	1
62	1	1	1	1	1	2	2	2	2	2	2	2	2	2	2	2	1	1	1	2	2	2	1	1	1	1	1	2	2	2	2	2	2	2	2	2	1	1	1	1	1	1	1	1	1	1	1	1	1	1	1	1	2	2	2	2	1	1	1	1	2	2	1	2	2	2	1	1	1	1	1	2	2	2	2	2	2	1	1	1	1	1	1	2	2	1	1	1	1	2	2	2	1	1	1	2	2	2	2	2	1
63	1	1	1	1	2	2	2	2	2	2	2	2	2	2	2	2	2	2	2	1	1	1	2	2	1	1	1	1	1	1	2	2	2	2	2	2	2	1	1	1	1	1	1	1	1	1	1	1	1	1	2	2	1	1	1	1	2	2	2	1	1	1	1	1	1	1	2	2	2	2	1	2	2	2	2	1	1	1	2	2	2	2	2	2	1	1	1	1	1	1	1	1	1	1	1	2	2	2	2	2	1
64	1	1	1	1	1	1	1	1	1	1	1	1	1	1	1	1	1	1	1	1	1	1	1	1	2	2	1	1	2	2	2	2	2	2	2	2	2	1	1	1	1	1	1	1	2	2	2	2	2	2	2	2	2	2	2	2	2	2	2	1	1	1	1	2	1	1	1	1	2	1	1	1	2	2	2	2	2	2	1	1	1	1	1	1	2	1	1	1	2	2	2	2	1	1	1	2	2	2	2	2	2
65	1	1	2	1	1	1	1	1	1	1	1	1	1	1	1	1	2	2	2	2	2	2	2	2	2	2	2	2	2	2	2	2	2	2	2	2	2	2	2	2	2	2	2	2	2	2	2	2	2	2	2	1	2	2	2	2	2	2	2	1	1	1	2	2	1	1	2	1	1	1	1	1	1	1	1	1	1	1	2	2	2	1	1	1	1	1	1	1	1	1	1	1	2	2	2	1	1	1	1	1	2
66	1	2	2	2	2	2	2	2	2	2	2	2	2	1	1	1	1	1	1	2	2	2	2	1	1	1	1	1	1	1	1	1	1	1	1	1	2	2	2	2	2	2	2	2	2	2	2	2	2	2	2	2	2	2	2	2	2	1	1	1	1	1	2	2	1	1	1	1	1	1	1	2	2	1	1	1	1	2	1	1	1	1	1	1	2	2	2	2	2	2	2	2	1	2	2	1	1	1	1	2	1
67	1	1	1	1	1	1	1	1	1	1	1	1	1	1	1	1	1	1	1	1	1	1	1	2	2	2	1	1	2	2	2	2	2	2	2	2	2	2	2	2	2	2	2	2	2	2	2	2	2	2	2	1	2	1	1	2	1	2	2	1	1	1	1	1	1	1	1	1	1	1	1	2	2	2	2	2	1	2	1	1	1	1	1	1	2	2	2	2	2	2	2	2	1	1	1	2	2	2	2	1	2
68	1	1	1	1	1	1	1	1	1	1	1	1	1	1	1	1	2	2	2	1	1	1	2	1	1	1	1	2	2	2	2	2	2	2	2	2	1	1	1	1	1	2	2	2	2	2	2	2	2	2	2	2	1	1	1	1	1	1	1	1	1	1	1	1	2	2	2	2	2	1	1	1	2	2	2	1	1	1	1	1	2	2	2	2	2	2	2	2	2	2	2	1	2	2	1	2	2	1	1	2	1
69	1	1	1	1	1	2	2	2	2	2	2	2	2	2	2	2	2	2	1	2	2	2	2	2	2	2	2	2	2	2	1	1	1	2	2	1	1	1	1	1	2	2	2	2	2	2	2	2	2	2	2	2	2	2	2	2	1	2	2	1	1	1	1	1	1	1	2	1	1	1	1	2	2	2	2	1	1	1	2	2	2	2	1	1	2	2	2	2	2	2	2	2	2	1	1	2	2	2	2	1	2
70	2	2	2	2	2	2	2	2	2	2	2	2	2	1	1	1	2	2	2	1	1	1	2	2	2	2	2	2	2	1	1	1	1	1	1	1	1	1	1	1	1	1	1	1	2	1	1	1	1	2	1	1	1	1	1	2	2	1	1	1	1	2	2	2	1	1	1	1	1	1	1	1	1	1	1	1	2	1	1	1	1	1	1	1	1	1	1	1	1	1	1	2	2	2	2	1	1	1	1	1	2
71	1	1	1	1	1	1	1	1	1	1	1	1	1	1	1	1	1	1	1	1	1	1	1	1	2	2	1	1	2	2	2	2	2	2	2	2	2	2	2	2	2	2	2	2	2	2	2	2	2	2	2	1	2	1	1	2	2	2	2	1	1	1	1	1	1	1	1	1	1	1	1	2	2	2	2	2	1	2	1	1	1	1	1	1	1	2	2	2	2	2	2	2	1	1	1	2	2	2	2	1	2
72	2	2	1	1	1	1	1	1	1	1	1	1	1	1	1	1	1	1	2	2	2	2	2	2	1	1	2	2	2	2	2	2	2	2	2	2	1	1	1	1	1	1	1	1	2	2	2	2	2	1	1	1	1	1	1	1	2	1	1	1	2	2	2	2	1	1	2	2	2	2	2	1	1	1	1	1	2	2	1	1	1	1	2	2	2	2	2	2	2	2	1	1	1	1	1	2	1	1	1	1	2
73	2	2	1	1	1	1	1	1	1	1	1	1	1	1	2	2	2	2	2	1	1	1	2	2	2	2	2	2	2	2	2	2	2	2	2	2	1	1	1	1	1	1	1	1	2	2	2	1	1	2	1	1	2	2	2	2	2	2	2	1	1	1	2	2	2	1	1	1	1	1	1	2	2	2	2	2	1	1	1	1	1	1	1	1	2	2	2	2	2	1	2	1	1	2	2	1	1	1	1	1	1
74	2	2	2	2	2	1	1	1	1	1	1	1	1	1	1	1	2	2	1	2	2	2	2	2	2	2	1	1	1	1	1	1	1	1	1	1	1	2	2	1	2	2	1	1	1	1	1	2	2	2	2	2	1	2	2	2	2	1	1	1	1	2	1	1	1	1	1	2	2	2	2	2	2	2	2	1	1	1	2	2	2	2	2	2	1	1	1	1	1	1	1	1	1	1	1	1	1	1	1	1	2
75	2	2	1	1	1	1	1	1	1	1	1	1	1	1	1	1	1	1	1	1	1	1	1	1	1	1	1	1	1	1	1	1	1	1	1	1	2	2	2	1	2	2	2	2	2	2	1	1	1	1	1	2	2	2	2	2	2	2	2	1	1	1	1	1	1	1	2	2	2	2	2	2	2	2	2	1	2	1	2	2	2	2	2	2	2	1	1	1	1	1	2	2	2	1	2	2	2	2	2	2	1
76	2	2	2	2	2	2	2	1	2	1	1	1	1	2	2	2	2	2	2	2	2	2	2	1	2	2	2	2	2	2	2	2	1	1	1	1	2	2	2	1	2	2	2	2	2	2	2	2	1	2	1	1	2	2	2	2	2	2	2	1	1	1	1	1	1	1	2	1	1	2	2	1	1	1	1	1	1	1	2	1	1	1	1	2	1	1	1	1	1	1	2	2	2	1	1	2	2	2	2	1	1
77	1	1	1	1	1	1	1	1	1	1	1	1	1	1	1	1	1	1	1	2	2	2	2	1	1	1	1	1	1	1	1	1	1	1	1	1	1	1	1	1	2	2	2	2	2	1	1	1	1	2	2	2	2	2	2	2	2	1	1	1	1	2	1	1	2	2	2	2	2	2	1	2	2	2	2	1	1	2	2	2	1	1	1	1	1	1	1	1	1	1	1	1	2	2	2	1	1	2	2	1	1
78	2	2	2	2	2	2	2	2	2	2	2	2	2	2	2	2	2	2	2	2	2	2	2	2	2	2	1	1	1	1	1	1	1	2	2	2	2	2	2	1	2	2	2	2	1	2	2	2	2	2	2	2	1	1	1	1	2	2	2	1	1	1	2	1	2	1	1	1	1	1	1	1	1	1	2	2	2	1	2	2	1	1	1	1	1	1	1	1	1	1	1	1	2	2	2	1	1	1	1	1	1
79	1	1	1	1	1	2	2	2	2	2	2	1	2	2	2	2	1	1	1	1	1	1	1	1	2	2	2	2	1	2	1	1	1	1	1	1	1	2	2	2	2	2	2	2	2	2	2	2	2	1	1	1	1	1	1	2	2	1	1	1	2	2	2	2	2	2	1	2	2	2	2	1	1	1	1	1	1	1	1	1	1	1	1	1	1	1	1	1	1	1	1	1	1	1	1	2	2	2	2	2	1
80	2	1	2	2	2	2	2	2	2	2	2	2	2	1	2	2	1	1	1	1	1	1	2	2	1	2	1	2	2	2	1	1	1	2	1	1	1	1	1	1	1	1	1	1	1	2	2	2	2	2	1	1	1	1	1	2	1	1	1	1	2	2	2	2	2	2	1	1	1	1	1	2	2	2	2	2	1	1	2	1	1	1	2	2	2	1	1	1	1	1	2	2	2	2	2	1	1	1	1	1	1
81	1	1	1	1	1	1	1	1	1	1	1	1	2	2	2	2	1	1	1	2	2	2	1	2	2	2	2	2	2	1	1	1	1	2	1	1	2	2	1	2	2	2	2	2	2	2	2	2	2	1	1	1	2	2	2	1	1	1	1	1	2	2	1	1	1	1	1	1	1	2	2	1	1	1	1	1	1	1	1	1	1	1	1	1	1	1	1	1	1	1	1	1	2	2	2	1	1	1	1	2	1
82	2	2	2	2	2	1	1	1	1	1	1	1	1	1	1	1	1	1	1	2	2	2	2	2	1	1	1	1	1	1	2	2	2	2	2	2	1	1	1	1	1	1	1	1	1	2	2	2	2	1	2	2	2	1	1	1	1	1	1	1	1	1	2	2	1	1	1	1	1	1	1	1	1	1	1	1	1	1	1	1	1	2	2	2	1	1	1	1	1	1	1	1	2	2	2	1	1	1	1	2	1
83	2	2	2	2	2	1	1	1	1	1	1	1	1	1	1	1	2	2	2	2	2	2	2	2	2	2	2	2	1	1	1	1	1	1	1	1	1	2	2	2	2	2	2	2	2	2	2	2	2	2	2	2	1	1	2	1	2	2	1	1	1	1	2	1	1	1	1	1	1	1	1	1	1	1	1	1	1	1	2	2	1	1	1	1	1	2	2	2	2	1	1	1	1	1	1	2	2	2	1	2	2
84	2	2	2	1	1	2	2	1	2	2	2	1	2	2	2	2	2	2	2	2	1	1	2	2	2	2	2	2	2	1	1	1	1	1	1	1	2	2	2	2	2	2	2	2	2	2	2	2	2	2	1	1	1	1	1	1	1	1	1	1	1	1	1	1	2	2	1	1	1	1	1	2	2	2	2	2	2	1	1	1	1	1	1	1	1	1	1	1	1	1	1	1	1	1	1	2	2	2	2	1	1
85	1	1	1	1	1	1	1	1	1	1	1	1	1	1	1	1	1	1	2	1	1	1	2	2	2	2	2	2	1	1	2	2	2	2	2	2	1	1	1	1	1	1	1	1	1	1	1	1	1	2	1	1	1	1	1	1	1	1	1	1	1	1	1	1	2	2	2	2	2	2	1	2	2	2	2	1	1	1	1	1	1	1	1	1	1	2	2	2	1	1	1	1	1	1	1	2	2	2	2	1	1
86	2	2	1	2	2	2	2	2	2	2	2	1	2	2	2	2	2	2	2	1	1	1	1	1	1	1	1	2	2	2	2	2	2	2	2	2	1	1	1	1	1	1	1	1	2	2	1	1	1	1	2	2	1	1	1	1	1	1	1	1	2	2	1	1	1	1	1	1	1	1	1	1	1	1	1	2	2	1	1	1	1	1	1	1	1	1	1	1	1	1	1	1	1	1	1	2	2	2	1	1	1
87	1	2	1	1	1	1	1	1	1	1	1	1	2	2	2	2	2	2	2	1	1	1	1	2	1	1	2	1	1	1	1	1	1	1	1	1	2	2	1	2	1	1	1	1	1	1	1	1	2	2	2	2	1	1	2	2	1	1	1	1	1	1	1	2	2	1	1	1	1	1	1	2	2	2	2	1	2	1	2	1	2	2	1	2	1	1	1	1	1	1	2	1	2	2	2	1	2	2	2	2	2
88	2	1	2	2	2	1	2	1	1	1	2	1	2	2	2	2	2	2	2	2	1	1	2	2	2	2	2	2	1	1	1	1	1	1	1	1	1	1	1	1	1	1	1	1	1	1	1	1	1	1	2	2	1	1	2	1	1	1	1	2	2	2	2	1	1	2	2	2	1	1	1	2	2	1	2	1	1	2	1	2	1	1	1	1	2	2	2	2	2	2	2	2	2	1	2	2	2	2	2	2	2
89	2	2	2	2	2	2	2	1	2	2	2	2	2	2	2	2	2	2	2	2	2	1	1	2	2	2	2	2	1	1	1	1	1	1	1	1	2	1	1	1	1	1	1	1	1	1	2	1	1	1	1	1	1	2	2	1	1	1	1	1	2	2	1	1	1	1	2	2	2	2	2	1	1	1	1	1	1	1	1	2	1	1	1	1	2	2	2	1	1	1	2	1	2	1	2	1	2	2	2	2	2
90	2	2	1	1	1	2	2	2	2	2	2	1	1	2	2	2	2	2	2	1	1	1	2	2	2	2	1	1	2	2	2	2	2	2	2	2	1	1	1	1	1	1	1	1	1	2	2	2	2	1	1	1	2	2	2	2	2	2	2	1	1	1	1	1	2	2	1	1	1	2	2	2	2	2	2	2	1	1	2	2	1	2	2	2	1	2	2	2	2	1	1	1	2	2	2	1	1	1	1	1	1
91	2	2	2	2	2	1	1	1	1	1	1	1	1	1	1	1	1	1	1	1	1	1	2	2	2	2	2	1	1	1	1	2	2	2	2	2	2	2	2	2	2	2	2	2	2	2	2	2	2	2	1	1	2	2	1	2	2	1	1	2	2	2	1	1	1	1	2	2	2	2	2	2	2	2	2	1	1	1	2	1	1	2	2	1	1	1	1	1	1	1	2	2	2	1	1	1	1	1	1	1	1
92	2	1	1	1	1	1	1	1	1	1	1	1	1	1	1	1	1	1	1	2	2	2	1	1	1	1	1	1	1	1	2	1	1	1	1	1	1	2	2	2	2	2	1	1	1	1	1	1	1	1	1	1	1	1	1	1	1	1	1	2	2	2	1	1	1	1	1	1	1	1	1	2	2	2	1	1	2	1	2	1	1	1	1	1	1	1	1	1	1	1	1	1	1	1	1	2	2	2	2	1	1
93	1	1	1	1	1	2	2	1	2	2	2	2	2	2	2	2	2	2	1	1	1	1	1	1	1	1	1	1	2	2	2	2	2	2	2	2	1	1	1	1	1	1	1	1	1	1	1	1	1	2	2	2	1	1	1	2	1	2	2	2	1	1	2	2	1	1	2	2	2	2	1	2	2	2	2	1	1	1	2	1	1	1	1	1	1	1	1	1	1	1	1	1	1	1	1	1	1	1	1	1	1
94	1	1	1	1	1	2	2	2	2	2	2	2	1	2	2	2	2	2	2	2	2	2	1	2	1	1	1	2	2	2	2	2	2	2	2	2	1	1	1	1	1	1	1	1	2	2	2	2	1	1	1	1	1	1	1	1	1	1	1	1	1	1	1	1	1	1	1	1	1	2	1	2	2	2	2	2	2	1	1	2	2	2	2	2	1	1	1	1	1	1	1	2	1	1	1	1	1	1	1	1	1
95	2	1	1	1	1	1	1	1	1	1	1	1	1	1	1	1	2	1	1	2	1	2	2	2	2	2	2	1	1	1	1	1	2	2	2	2	2	2	2	2	2	2	2	2	2	2	2	1	1	1	1	1	2	2	2	1	2	2	2	1	2	2	2	2	1	1	1	1	1	1	1	2	2	2	2	1	1	1	1	2	2	2	2	2	2	2	2	2	2	2	1	1	1	2	2	1	1	2	2	2	2
96	2	2	1	1	1	1	1	1	1	1	1	1	1	2	2	2	1	1	1	1	1	1	1	1	2	2	1	1	1	1	1	1	2	2	1	1	2	2	2	2	2	2	2	2	2	2	1	1	1	2	2	2	1	1	1	1	1	2	2	1	1	1	1	1	1	1	2	2	2	2	2	2	2	1	1	1	1	1	1	1	1	2	1	1	1	1	1	1	1	1	2	2	1	1	1	2	2	2	2	1	1
97	2	2	1	1	1	1	1	1	1	1	1	1	1	1	1	2	2	2	2	2	2	2	2	2	1	1	1	1	2	2	2	2	2	2	2	2	1	1	1	1	1	1	1	1	1	1	1	1	1	1	1	1	1	1	1	1	1	1	1	1	1	2	2	2	2	1	1	1	1	1	1	1	1	1	1	2	1	1	2	1	1	1	1	1	2	2	2	2	2	2	2	2	1	1	1	1	1	1	1	1	1
98	2	2	1	2	2	2	2	2	2	2	1	2	2	2	2	1	2	2	2	2	2	2	2	2	2	2	2	2	1	1	1	1	2	2	2	2	2	2	2	2	1	1	1	1	1	1	1	1	1	1	1	1	1	1	1	1	1	1	1	1	1	1	1	1	1	1	1	1	1	1	1	2	2	2	2	2	2	2	1	2	2	1	1	1	1	1	1	1	1	1	1	1	1	1	1	2	1	1	1	2	2
99	1	1	1	1	1	2	2	1	2	2	2	2	2	1	1	1	2	2	2	1	1	1	1	1	2	2	2	2	2	1	2	2	2	2	2	2	1	1	1	2	1	1	1	1	1	1	2	2	2	2	2	2	2	1	2	1	1	1	1	1	1	2	2	2	1	1	1	1	1	1	1	1	1	1	1	2	2	2	1	1	1	2	2	2	1	1	1	1	1	1	1	1	1	2	2	2	2	2	2	1	1
100	1	1	1	1	2	2	2	2	2	2	2	1	1	2	2	2	1	1	1	1	1	1	2	2	2	2	2	1	1	1	1	1	1	1	1	1	1	1	1	1	1	1	1	1	1	1	1	2	2	2	2	2	2	1	2	1	1	1	1	1	1	1	2	2	2	2	2	1	1	2	2	2	2	2	2	2	1	1	1	1	1	1	1	1	1	1	1	1	1	1	2	2	2	2	2	2	2	2	2	1	1
101	1	2	1	1	1	2	2	2	2	2	2	2	2	1	1	1	1	1	1	2	2	1	1	1	1	1	1	1	1	1	1	1	1	1	1	1	2	2	2	2	2	2	2	2	2	2	2	2	2	2	2	2	2	2	2	1	2	1	1	1	1	1	2	2	1	1	1	1	1	1	1	2	2	2	1	1	2	1	1	1	1	1	1	1	1	1	1	1	1	1	1	1	1	1	1	1	1	1	1	1	1
102	2	2	2	2	2	2	2	2	2	2	2	2	2	2	2	2	2	2	1	2	2	2	1	1	1	1	1	1	1	2	2	2	2	1	1	1	2	2	2	2	2	1	2	2	2	2	1	1	1	1	1	1	1	1	1	1	2	2	2	2	2	2	1	1	1	1	2	1	1	1	1	2	2	2	2	1	1	2	1	1	1	1	1	1	2	2	2	2	2	2	2	2	2	2	2	2	2	2	2	2	2
103	1	1	1	1	1	2	2	2	2	2	2	2	2	1	1	1	1	1	1	2	2	2	1	1	1	1	2	2	2	2	2	2	2	2	2	2	2	2	2	2	2	2	1	1	2	1	1	1	1	1	1	1	2	2	2	1	2	2	2	1	1	1	1	1	1	1	1	1	1	2	1	1	1	1	1	1	1	1	1	2	2	2	2	2	2	2	1	1	1	1	2	2	2	2	2	2	2	2	2	1	1
104	1	1	2	2	2	2	2	2	2	2	2	2	2	2	2	2	1	1	1	2	2	1	1	1	1	1	1	1	2	2	1	1	2	2	2	2	2	2	2	2	2	2	2	2	2	2	2	1	1	1	1	1	2	2	2	1	1	1	1	2	1	2	2	1	2	2	1	1	1	1	2	2	2	2	2	2	1	2	2	2	2	2	2	2	1	1	1	1	1	1	1	1	1	1	1	1	1	1	1	1	1
105	2	2	2	2	2	2	2	2	2	2	2	2	2	2	2	1	1	1	1	1	1	1	1	1	2	2	2	2	2	2	2	2	2	2	2	2	2	1	1	1	1	1	1	1	1	1	1	1	1	1	1	1	2	2	2	1	1	1	1	1	1	2	1	1	2	2	1	2	2	2	2	2	2	2	2	2	2	1	2	1	1	1	1	1	2	2	2	2	2	2	1	2	1	2	2	1	1	1	1	1	1
106	1	1	2	2	2	1	2	2	2	2	2	2	2	2	2	1	1	1	1	1	1	1	2	2	2	2	1	1	1	1	1	1	2	2	2	2	1	1	1	2	1	1	1	1	2	2	2	1	1	2	2	2	2	2	2	1	2	2	1	1	1	1	1	1	1	1	1	1	1	2	2	2	2	2	2	1	1	1	1	1	1	1	2	1	1	1	1	1	1	1	1	1	1	2	2	2	2	2	2	2	2
107	2	1	2	2	2	1	1	1	1	1	1	1	1	2	2	2	1	1	1	2	2	2	2	2	2	2	2	2	1	1	2	1	2	1	1	1	2	2	2	1	2	2	2	2	1	1	1	1	1	1	1	1	2	2	2	1	1	2	2	1	1	1	1	1	1	1	2	1	1	1	1	1	1	1	2	2	2	2	1	1	1	1	1	1	2	1	1	1	2	2	2	2	2	2	2	1	1	1	1	1	1
108	2	2	1	2	2	1	1	1	1	1	1	1	1	2	2	1	1	1	1	2	2	1	2	2	2	2	1	1	2	2	2	2	2	2	2	2	1	1	1	1	1	1	1	1	2	2	2	2	2	1	1	1	2	2	2	2	2	1	1	2	1	2	1	2	2	2	2	2	2	2	1	1	1	1	1	2	2	2	2	1	1	1	1	1	2	1	1	1	1	1	1	1	1	1	1	2	2	2	2	2	2
109	1	1	1	1	1	1	1	1	1	1	1	1	1	2	2	1	1	1	1	1	1	2	1	1	1	1	1	1	2	2	2	2	2	2	2	2	2	2	2	2	1	1	1	1	1	1	1	1	1	2	2	2	2	2	2	1	1	1	1	2	1	2	2	2	2	2	2	1	1	1	1	2	2	2	1	2	1	1	1	1	1	1	1	1	1	2	2	2	2	2	2	2	2	2	2	1	1	1	1	2	2
110	2	2	1	2	2	2	2	2	2	2	2	1	2	1	1	1	1	1	1	2	2	2	1	2	2	2	2	2	1	1	1	1	1	1	1	1	2	2	2	2	2	1	2	2	2	2	1	1	1	2	1	1	1	1	1	1	2	2	2	1	2	2	1	1	2	1	2	1	1	1	1	2	2	2	2	2	2	1	2	2	2	2	1	1	1	1	1	1	1	1	1	1	2	2	2	1	1	1	1	1	1
111	1	2	1	1	1	1	1	1	1	1	1	1	1	1	1	1	1	1	1	2	2	2	2	2	2	2	1	1	1	1	1	1	1	1	1	1	1	1	1	2	2	1	2	2	2	2	2	2	2	2	2	2	2	2	2	2	2	2	1	2	1	1	2	2	2	2	2	2	1	1	2	1	1	1	1	1	1	1	2	2	2	2	2	2	2	2	2	2	2	2	1	2	2	2	2	2	2	2	2	2	2
112	2	1	1	1	1	1	1	1	1	1	1	1	1	2	2	2	2	1	2	2	2	1	2	2	2	2	2	1	1	1	1	1	1	1	1	1	2	2	2	2	2	2	2	2	2	2	2	2	2	1	1	1	2	2	2	2	2	1	1	2	1	2	2	2	1	1	2	2	2	1	1	2	2	2	1	2	2	2	2	1	1	1	1	1	1	1	1	1	1	1	1	1	1	1	1	2	1	1	1	1	1
113	1	1	1	1	1	1	1	1	1	1	1	1	1	1	1	1	1	1	1	1	2	1	1	2	1	1	1	1	1	1	2	2	2	2	2	2	1	1	1	1	1	2	2	2	1	1	1	1	1	2	1	1	2	2	2	1	1	1	1	2	1	2	1	1	1	1	2	2	2	2	2	2	2	2	2	2	1	1	1	1	1	1	1	1	1	2	2	2	2	2	2	2	2	2	2	2	2	2	2	2	2
114	1	1	1	1	1	1	1	1	1	1	1	1	1	1	1	1	1	1	1	1	2	2	1	1	1	1	1	1	1	1	1	1	1	1	1	1	1	1	1	1	2	1	1	1	1	1	2	1	1	1	1	1	2	1	2	1	2	1	1	1	1	1	2	1	2	1	2	2	2	2	2	2	2	2	2	2	1	1	2	2	2	2	1	2	1	2	2	2	2	2	2	2	2	2	1	2	2	2	2	2	2
115	2	1	1	1	1	2	2	2	2	2	2	2	2	2	2	2	1	1	1	1	2	1	1	1	1	1	1	1	1	1	1	1	1	1	1	1	1	1	1	1	1	1	1	1	2	2	2	2	2	2	2	2	1	1	1	1	1	1	1	1	1	1	2	2	1	1	2	2	1	2	1	2	2	2	2	1	1	1	1	1	1	1	1	1	1	1	1	1	1	1	1	1	2	2	2	1	1	1	1	1	1
116	1	1	1	1	1	1	1	1	1	1	1	1	1	1	1	1	1	1	1	1	1	1	1	1	1	1	1	1	1	1	1	1	1	1	1	1	1	1	1	1	1	1	1	1	1	1	1	1	1	1	1	1	1	1	1	1	1	1	1	1	1	1	1	1	1	1	1	1	1	1	1	1	1	1	1	1	1	1	1	1	1	1	1	1	1	1	1	1	1	1	1	1	1	1	1	1	1	1	1	1	1
117	2	2	1	2	2	2	2	2	2	2	2	2	2	2	1	1	1	1	2	2	2	2	2	2	1	1	1	1	1	1	1	1	2	2	2	2	2	2	2	2	2	2	2	1	2	2	2	2	1	1	2	2	2	2	2	2	2	2	2	1	1	1	1	1	1	1	2	2	2	1	1	2	2	2	2	2	2	1	2	2	2	2	2	2	1	2	2	2	2	1	1	2	1	1	1	1	1	1	1	1	1
118	2	2	1	1	1	2	2	2	2	2	2	1	1	2	2	2	2	2	1	1	1	1	1	1	1	1	1	1	2	2	2	2	1	1	1	1	1	2	2	2	2	1	2	2	2	2	2	2	1	1	1	2	1	1	1	1	1	1	1	1	1	2	1	1	1	1	2	2	2	2	2	2	2	2	2	2	2	2	1	1	1	1	1	1	2	1	1	1	1	2	2	2	1	1	1	1	1	1	1	2	2
119	1	1	1	1	1	2	2	2	2	2	1	2	2	2	2	2	2	2	1	2	2	2	2	2	2	2	1	2	2	2	1	1	1	1	1	1	1	1	1	1	1	1	1	1	1	1	1	1	2	1	1	1	2	2	2	2	2	2	2	1	1	1	1	1	1	1	1	1	1	1	1	2	2	1	2	2	2	1	2	2	2	1	1	2	1	2	2	2	1	1	1	1	2	2	1	2	2	2	2	2	2
120	1	1	2	2	2	2	2	2	2	2	2	2	2	2	2	2	2	1	2	1	1	1	1	1	1	1	1	1	2	2	2	2	2	2	2	2	1	1	1	1	1	1	1	1	1	1	1	1	1	2	2	2	2	1	2	1	1	1	1	1	1	2	2	2	2	2	1	1	1	1	1	2	2	2	2	2	2	1	2	2	2	2	2	2	1	1	1	1	1	1	1	1	1	1	1	1	1	1	1	1	1
121	2	1	2	2	2	2	2	2	2	2	2	2	2	2	2	1	1	1	1	2	2	2	2	2	2	2	2	1	1	1	1	1	1	1	1	1	2	2	2	2	1	1	1	1	1	1	1	1	1	1	1	1	2	2	2	1	1	1	1	2	2	2	2	2	1	1	1	1	1	1	1	2	2	2	2	2	1	1	1	2	2	1	1	1	1	2	2	2	2	2	1	1	2	2	2	2	2	2	2	2	2
122	1	1	2	2	2	2	2	2	2	2	2	2	2	2	2	1	1	1	1	2	2	2	1	1	1	1	1	1	1	1	1	1	2	2	2	2	1	1	1	1	1	1	1	1	2	1	2	2	2	1	2	2	1	1	1	1	1	2	2	1	2	1	2	2	2	2	2	2	2	2	1	1	1	1	1	2	2	1	1	1	1	1	1	1	1	2	2	2	2	2	1	1	2	2	2	2	2	2	1	1	1
123	2	2	1	2	2	1	1	1	1	1	1	2	2	1	1	1	1	1	1	2	2	2	2	1	2	2	1	1	1	1	2	2	2	1	1	1	1	1	1	1	1	1	1	1	2	2	2	2	2	2	2	2	2	2	2	1	1	2	1	1	2	2	1	2	1	1	1	1	1	1	1	1	1	1	1	1	1	2	2	2	2	2	2	2	1	1	1	1	1	1	1	1	2	2	1	2	1	1	1	1	1
124	1	1	1	2	2	2	2	2	2	2	2	1	2	2	2	2	2	1	1	2	2	2	1	2	2	2	2	2	2	1	1	1	1	2	1	1	1	2	1	2	2	1	1	2	2	2	2	2	2	1	1	1	2	1	2	2	2	2	1	2	2	2	1	2	2	2	1	1	1	1	1	2	2	2	2	2	1	1	1	1	1	1	1	1	1	1	2	1	2	2	2	1	1	1	1	2	1	2	1	1	1
125	1	1	1	2	2	2	2	2	2	2	2	2	2	1	1	1	1	1	1	1	1	1	1	1	1	1	1	2	2	2	2	2	2	2	1	1	2	2	2	1	1	1	1	1	1	1	1	1	1	1	2	2	2	2	2	1	1	1	1	2	2	2	1	1	1	1	2	2	2	2	1	2	2	2	2	1	2	2	2	2	1	1	1	1	2	1	1	1	1	1	2	2	2	2	2	1	1	1	1	1	1
126	2	2	2	2	2	1	1	1	1	1	1	1	1	1	1	2	2	2	2	2	2	2	1	1	1	1	1	1	1	1	1	1	2	2	1	1	1	1	1	1	1	1	1	2	2	2	2	2	2	1	2	1	1	1	2	1	1	1	1	1	1	1	2	2	2	2	2	2	2	2	2	2	2	2	2	2	2	2	2	2	2	1	2	2	2	1	1	1	1	1	1	1	1	1	1	2	2	2	2	1	1
127	1	1	1	2	2	2	2	2	2	2	2	2	2	1	1	1	2	2	1	2	1	1	2	2	2	2	2	1	1	1	2	2	2	2	2	2	1	1	1	1	1	1	1	1	2	2	1	1	1	1	1	1	1	1	1	2	2	1	1	1	1	1	1	1	1	1	1	1	2	1	1	1	1	1	1	1	1	2	2	2	2	2	1	1	1	1	1	1	1	1	2	2	1	1	1	1	1	1	1	1	1
128	2	1	1	1	1	1	1	1	1	1	1	1	1	1	1	1	2	1	2	1	1	1	1	2	2	2	1	1	1	1	2	2	2	2	2	2	2	2	2	2	1	1	1	1	1	1	2	2	2	2	2	1	2	2	2	1	2	1	1	1	1	1	2	2	1	1	2	2	2	2	1	2	2	1	1	1	1	2	1	1	1	1	1	1	2	2	1	1	1	2	2	2	1	1	1	2	2	2	1	1	1
129	1	1	1	1	1	1	1	1	1	1	1	1	1	1	1	1	1	1	1	2	2	2	2	1	1	1	2	2	2	2	2	2	2	2	2	2	2	2	2	1	1	1	1	1	1	1	1	1	1	1	2	2	1	1	1	1	1	2	2	1	1	1	1	1	1	1	2	1	1	2	1	1	1	1	1	1	2	1	2	1	1	1	2	1	2	1	1	1	1	1	1	1	1	1	1	1	1	1	1	2	2
130	1	1	1	1	1	2	2	2	2	2	2	2	2	1	1	1	1	1	1	2	2	2	2	2	2	2	2	2	2	2	2	2	2	2	2	2	1	1	1	1	1	2	2	1	2	2	2	2	2	1	2	1	2	1	2	1	1	1	1	1	2	2	1	1	2	2	2	1	1	1	1	2	2	2	1	1	1	1	2	2	1	2	2	1	1	1	1	1	1	1	1	1	2	2	2	1	1	1	1	1	1
131	1	1	1	1	1	2	2	2	2	2	2	2	2	2	2	2	2	2	2	2	2	2	1	1	2	2	1	1	1	2	2	2	2	2	2	2	1	1	1	1	1	1	1	1	2	2	2	2	2	2	1	1	1	1	1	1	1	1	1	1	1	1	2	2	1	1	1	1	2	1	1	1	1	1	1	1	2	1	1	2	1	1	1	1	2	1	1	1	1	1	1	1	1	1	1	2	2	2	2	2	2
132	2	2	1	1	1	1	1	1	1	1	1	1	1	1	1	2	2	2	2	2	2	2	2	2	1	1	1	1	2	2	2	2	2	2	2	2	1	1	1	1	1	1	1	1	1	1	1	1	1	1	1	1	1	1	1	1	1	1	1	1	2	2	1	1	2	2	1	1	1	1	1	2	2	2	2	2	1	1	2	1	1	1	1	1	1	2	2	2	2	2	2	2	1	1	1	1	1	1	1	1	1
133	1	1	1	1	1	1	1	1	1	1	1	1	2	2	2	2	1	1	1	2	2	2	2	2	2	2	2	2	2	2	2	2	1	1	1	1	2	2	2	2	2	2	2	2	1	1	1	1	1	1	1	1	2	2	2	1	1	2	2	1	2	1	2	2	1	1	2	1	1	1	1	1	1	2	2	2	1	1	2	2	2	1	2	1	2	2	1	1	2	2	2	1	1	1	1	1	1	1	1	1	1
134	2	2	1	1	1	2	1	1	1	1	1	1	2	2	2	1	1	1	1	1	1	1	1	1	1	1	1	2	2	2	2	2	2	2	2	2	2	1	1	1	1	1	1	1	1	1	2	1	1	1	1	1	1	1	1	1	1	2	2	2	1	1	1	1	1	1	1	2	2	1	1	1	1	1	2	1	2	1	1	2	2	2	2	2	1	1	1	1	1	1	1	1	1	1	1	1	1	1	1	2	2
135	2	2	2	2	2	1	1	1	1	1	1	1	2	2	2	2	1	1	1	2	1	1	2	2	2	2	2	2	2	2	2	2	2	2	2	2	1	1	1	2	2	2	2	2	2	2	2	2	2	1	2	2	1	1	1	2	2	1	1	1	1	1	2	2	1	2	1	1	1	1	1	2	2	2	2	2	2	2	1	1	1	1	1	1	1	1	1	1	1	1	1	1	1	1	2	2	2	2	2	1	1
136	2	2	1	2	2	2	2	2	2	2	2	2	2	2	2	1	1	1	1	2	2	2	1	2	2	2	2	2	2	2	2	2	2	2	2	2	2	2	2	2	2	1	1	1	1	1	1	1	1	1	1	1	2	2	2	2	2	1	1	1	1	1	1	2	1	1	1	1	1	1	1	1	1	1	1	1	1	1	1	1	1	1	1	1	1	1	1	1	1	1	1	1	1	1	2	1	1	1	1	1	1
137	1	1	1	1	1	1	1	1	1	1	1	1	1	1	1	1	2	2	2	1	1	1	1	1	1	1	2	2	2	2	1	1	1	1	1	1	2	2	2	2	2	2	2	1	1	1	1	2	2	2	2	2	2	2	2	1	1	1	1	1	1	1	1	1	2	2	1	1	1	1	1	2	2	2	2	1	1	1	2	1	1	2	1	1	2	2	2	2	2	2	1	1	1	1	1	2	2	2	2	1	1
138	2	2	1	1	1	2	2	2	2	2	2	2	2	2	2	2	2	2	2	1	1	1	1	1	1	1	1	1	1	1	1	1	1	1	1	1	2	2	2	2	2	2	2	2	2	2	2	2	2	1	1	1	2	2	2	1	1	2	1	1	1	1	1	2	1	1	2	2	2	2	1	2	2	2	2	2	1	1	1	2	2	1	1	1	2	1	1	1	1	1	1	1	1	1	2	1	1	1	1	2	2
139	1	1	1	1	1	1	1	1	1	1	1	1	1	1	1	1	2	2	2	1	1	1	1	1	1	1	1	1	1	1	1	1	1	1	1	1	1	1	1	1	1	1	1	1	1	1	1	1	1	1	1	1	1	1	1	1	1	1	1	1	1	1	1	1	1	1	1	1	1	2	1	1	1	1	1	1	2	1	2	2	2	2	2	2	2	2	2	2	2	2	2	2	1	1	1	2	1	1	1	2	2
140	1	1	1	1	1	1	1	1	1	1	1	1	1	1	1	1	2	2	2	2	2	2	1	1	1	1	1	2	2	2	2	1	1	1	1	1	2	2	2	2	2	2	2	2	1	1	1	1	1	1	2	2	1	1	1	1	1	1	1	1	1	1	2	2	2	2	1	1	1	1	2	1	1	1	1	1	1	1	1	1	1	1	1	1	2	2	1	1	1	2	2	2	1	1	1	1	1	1	1	1	1
141	2	2	2	2	2	2	2	2	2	2	2	2	2	1	2	1	1	1	1	1	1	1	1	1	2	2	2	2	1	1	1	1	1	1	1	1	1	1	1	2	1	1	1	1	2	2	2	2	2	2	1	1	2	2	2	2	2	1	1	1	1	1	2	2	2	1	2	2	2	2	1	2	2	1	2	2	1	2	2	1	1	1	1	1	1	2	2	2	2	2	1	2	1	1	1	1	1	1	1	2	2
142	1	1	1	1	1	2	2	2	2	2	2	2	1	1	1	1	1	1	1	1	1	1	1	1	2	2	2	2	2	2	2	2	1	1	1	1	2	2	2	2	2	1	2	2	1	1	1	1	1	2	2	2	2	2	2	2	2	2	1	1	1	1	2	1	1	1	2	2	2	2	2	2	1	1	2	2	2	1	2	2	2	2	1	1	2	2	2	2	2	2	1	1	1	1	1	1	1	1	1	1	1
143	1	1	1	1	1	1	1	1	1	1	1	1	1	2	2	2	2	2	2	2	2	2	2	2	2	2	2	1	1	1	1	1	1	1	1	1	1	2	2	2	2	2	2	2	2	2	2	1	1	1	1	1	1	1	1	2	2	1	1	1	1	1	1	1	1	2	1	1	1	1	1	1	1	1	1	1	2	2	1	1	1	1	1	1	2	2	2	2	2	2	2	2	2	1	1	1	1	1	1	2	2
144	2	2	1	2	2	2	2	2	2	2	1	2	2	2	2	2	1	1	1	1	1	1	1	1	2	2	2	2	2	2	2	2	2	2	2	2	2	1	1	1	1	1	1	1	1	1	1	1	1	1	1	1	2	2	2	2	2	1	1	1	1	1	1	1	1	1	2	2	2	2	1	2	2	2	2	2	2	2	2	2	2	2	2	2	2	2	2	2	1	1	2	1	1	1	1	1	1	1	1	1	1
145	2	2	2	2	2	2	2	2	2	2	2	2	2	2	2	2	2	2	2	1	1	1	2	2	2	2	1	1	1	1	2	1	1	1	1	1	1	1	1	1	1	1	1	1	2	2	2	1	1	1	2	2	2	2	2	2	2	2	1	2	2	2	1	1	1	1	2	2	2	2	2	2	2	2	2	2	2	2	2	2	2	2	2	2	1	1	1	1	1	1	1	1	1	2	2	1	1	1	2	2	2
146	1	1	1	1	1	1	1	1	1	1	1	1	1	2	2	2	2	2	2	1	1	1	2	2	1	2	2	2	1	2	2	2	2	2	2	2	1	1	1	1	1	1	1	1	1	1	1	1	2	2	2	2	2	2	2	2	2	2	2	2	2	2	2	2	1	1	1	1	1	2	2	1	1	1	1	1	2	2	1	2	1	1	1	1	1	1	1	1	1	1	1	1	1	1	1	1	1	1	1	1	1
147	2	2	1	2	2	2	2	2	2	2	2	1	2	1	1	1	1	1	1	1	1	1	2	1	2	2	2	2	2	2	1	2	2	2	2	2	2	2	1	2	2	2	1	2	2	2	1	2	2	1	2	2	2	2	2	2	2	1	2	1	1	1	2	2	2	2	2	2	2	2	1	2	2	2	2	2	1	1	2	2	1	1	1	1	1	1	1	1	2	2	2	2	1	1	1	2	2	2	2	2	2
148	2	2	1	1	1	2	2	2	2	2	2	2	2	2	2	2	2	2	2	1	2	2	2	2	2	2	2	2	2	2	1	1	2	1	1	1	1	1	1	2	1	1	1	1	1	2	2	2	2	1	1	1	1	1	1	2	2	1	1	2	2	2	2	1	2	2	2	2	2	2	2	1	1	1	1	1	1	1	1	1	1	2	1	1	2	2	2	2	1	1	1	1	1	1	1	1	1	1	1	1	1
149	2	2	2	2	2	2	2	2	2	2	2	2	2	1	1	1	1	1	1	2	2	2	2	2	2	2	2	1	1	2	2	2	2	2	2	2	2	1	1	1	1	1	1	1	1	1	2	2	1	1	2	2	2	2	2	2	2	1	1	2	2	2	2	2	2	2	1	1	1	1	1	2	2	2	2	1	1	2	1	1	1	1	1	1	1	1	1	1	1	1	1	1	1	1	1	2	2	2	2	1	1
150	2	2	2	2	2	2	1	1	1	1	1	1	1	1	1	1	2	2	2	1	1	1	1	2	2	2	2	2	1	1	1	1	1	1	1	1	2	1	1	1	1	1	1	1	1	1	1	1	1	1	2	2	2	2	2	2	2	1	1	2	2	2	2	2	2	2	2	2	2	2	2	1	1	1	1	1	1	1	1	1	1	1	1	1	1	1	1	1	1	1	2	2	1	1	1	2	2	2	2	2	2
151	2	2	1	2	2	2	2	2	2	2	2	2	2	2	2	2	2	2	2	1	2	2	2	2	2	2	1	1	1	1	1	1	1	1	1	1	1	1	1	1	1	1	1	1	1	2	2	2	1	2	2	2	1	1	1	1	1	2	2	1	2	2	2	2	2	2	2	2	2	2	2	1	1	1	1	1	1	1	2	2	2	2	2	2	1	2	2	2	2	1	1	1	2	2	2	2	2	2	2	1	1
152	1	1	2	2	2	2	2	2	2	2	2	2	2	2	2	2	1	1	1	2	2	2	2	2	2	2	2	2	2	2	2	2	2	2	2	2	1	1	1	2	2	2	2	2	1	2	1	1	1	1	1	2	2	2	2	1	1	1	1	1	1	1	2	2	1	1	2	2	2	2	1	1	1	1	1	2	2	1	2	2	2	2	2	2	1	1	1	1	1	1	1	1	2	2	2	1	1	1	1	2	2
153	2	2	2	2	2	2	2	2	2	2	2	2	1	1	1	1	2	2	2	2	2	2	2	2	2	2	1	2	2	2	2	2	2	2	2	2	2	2	2	2	2	1	2	2	1	1	1	1	1	1	1	1	2	2	2	1	1	1	1	1	1	1	2	1	2	2	2	2	2	2	2	1	1	1	1	2	2	2	2	2	2	2	2	2	1	1	1	1	1	1	1	1	2	2	2	2	2	2	1	1	1
154	1	1	1	1	1	2	2	2	2	2	2	2	1	1	1	1	1	1	1	2	1	1	2	2	2	2	2	2	1	1	1	1	1	2	2	2	1	1	1	1	1	1	1	1	2	2	1	2	2	2	2	2	2	2	2	2	2	1	1	1	1	1	2	2	2	2	2	2	2	2	2	1	1	1	1	1	2	2	2	1	1	2	2	2	1	1	1	1	1	1	1	1	2	2	2	2	2	2	1	1	1
155	1	1	1	1	1	1	2	1	2	1	1	1	1	2	1	2	1	1	1	1	1	1	1	1	1	1	1	2	1	1	2	1	1	2	1	1	1	1	1	2	2	2	2	2	2	2	2	2	2	1	1	1	1	2	2	1	1	2	1	1	1	1	2	2	2	1	2	1	1	1	1	2	2	2	2	1	2	1	2	2	2	1	1	2	1	1	1	1	1	1	1	2	1	1	1	1	1	1	1	2	2
156	1	1	1	2	2	1	1	1	1	1	1	1	1	2	2	2	2	2	2	1	1	1	2	2	2	2	1	1	1	1	2	2	2	2	2	2	1	1	1	1	1	1	1	1	2	2	2	2	2	2	2	2	1	1	1	1	1	1	1	1	2	2	1	1	1	1	2	2	2	2	1	1	1	2	1	1	1	1	1	1	1	1	1	1	1	2	2	2	2	2	2	2	2	1	1	1	1	1	1	1	1
157	1	1	1	2	2	2	2	2	2	2	2	2	2	2	1	1	1	1	1	1	1	1	2	2	2	2	2	2	2	2	2	2	2	1	1	1	1	1	1	1	2	2	2	2	2	2	2	2	2	2	2	2	1	1	1	2	2	2	2	1	1	1	1	1	1	1	2	2	2	2	2	2	1	2	2	2	2	1	1	1	2	2	2	2	2	1	1	1	1	2	1	1	1	2	2	1	1	1	1	1	1
158	2	2	1	1	1	1	1	1	1	1	1	1	1	2	2	2	2	2	1	1	1	1	1	1	1	1	1	1	1	1	2	2	2	2	2	2	2	2	2	2	2	1	2	2	1	2	2	2	1	2	1	1	2	2	2	2	2	2	2	1	1	1	2	2	1	1	2	2	2	2	1	2	1	1	2	2	2	2	2	2	2	2	1	2	1	1	1	1	1	1	1	1	1	1	1	1	1	1	1	2	2
159	1	1	1	1	2	2	2	2	2	2	2	1	1	2	2	1	1	1	1	2	2	2	1	1	2	2	2	2	2	2	1	1	1	1	1	1	1	1	1	1	1	1	1	1	2	2	2	2	2	2	2	2	1	1	1	2	2	1	1	1	2	2	1	1	2	2	1	1	1	1	1	2	2	2	2	2	1	1	1	2	2	2	2	2	1	2	1	1	1	1	1	2	1	1	1	2	2	2	2	2	2
160	1	1	1	2	2	2	2	2	2	2	2	1	2	2	2	2	1	1	1	1	1	1	2	2	2	2	2	1	1	1	1	1	1	1	1	1	1	1	1	1	1	1	1	1	1	1	1	1	1	1	1	1	1	1	1	2	2	2	2	1	1	1	2	2	1	1	2	2	2	2	2	1	1	1	1	1	2	2	1	1	1	1	1	1	1	2	2	2	2	2	2	2	2	2	2	2	2	2	2	2	2
161	1	1	1	1	1	1	1	1	1	1	1	1	1	1	1	2	1	1	1	2	2	2	1	2	1	1	1	2	2	2	1	1	1	1	1	1	2	2	2	2	2	2	2	2	2	2	1	1	1	1	1	1	2	1	2	2	2	1	1	1	2	2	2	1	1	2	1	1	2	1	1	1	1	1	2	2	1	2	1	1	1	1	1	1	2	2	2	2	2	1	1	1	2	2	2	2	2	2	2	2	1
162	2	2	2	2	2	2	2	2	2	2	2	2	2	2	2	2	1	1	1	1	1	1	1	1	1	1	1	1	1	1	2	2	2	2	2	2	1	1	1	1	2	2	2	2	2	2	2	2	2	1	2	2	2	2	2	1	1	1	1	1	1	1	2	2	1	1	2	2	2	1	1	2	1	2	2	2	1	1	2	2	2	2	1	1	1	2	2	2	1	1	1	1	1	1	1	2	2	2	2	1	1
163	1	2	2	2	2	1	1	1	1	1	1	1	1	2	2	2	2	2	2	2	2	2	2	2	2	2	2	1	1	1	1	1	1	1	1	1	1	1	1	1	1	1	1	1	2	2	2	2	2	1	2	1	1	1	1	1	1	2	2	1	1	1	1	1	1	1	2	1	1	1	1	1	1	1	1	1	1	1	1	1	1	1	1	1	1	1	1	1	1	1	1	1	2	2	2	2	2	2	2	1	1
164	2	2	2	2	2	2	1	1	1	1	1	1	2	2	2	2	2	2	2	1	1	1	2	2	2	2	1	1	2	2	2	2	2	2	2	2	2	2	2	2	2	2	2	2	2	2	2	1	1	1	1	2	2	2	2	2	2	1	1	2	2	2	2	2	2	2	1	1	1	1	1	2	2	2	2	2	1	1	1	1	1	1	2	2	1	1	1	1	1	1	1	1	2	2	2	1	1	1	1	1	1
165	1	1	1	1	1	1	1	1	1	1	1	1	1	2	2	2	1	1	1	2	2	2	2	2	1	1	2	2	1	1	1	1	2	2	1	1	1	1	1	2	2	2	2	2	2	1	2	2	2	1	1	1	2	1	2	1	1	1	1	1	1	1	2	2	2	1	2	1	1	1	1	2	2	1	2	1	2	1	2	2	1	1	1	2	1	1	1	1	1	1	1	1	1	1	1	1	1	1	1	2	2
166	1	1	1	1	1	1	1	1	1	1	1	1	1	1	1	1	1	1	1	1	1	1	2	1	2	2	2	2	2	2	2	2	2	2	2	2	1	1	1	1	1	1	1	1	1	1	1	1	1	2	2	2	1	1	1	1	1	2	2	2	1	1	1	1	1	1	2	2	2	1	1	1	1	1	1	2	2	1	2	1	1	1	1	1	1	1	1	1	2	2	2	2	2	2	2	2	2	2	2	2	2
167	2	2	1	1	1	1	1	1	1	1	1	1	2	2	2	2	2	2	1	1	1	1	2	2	2	2	2	2	1	1	2	2	2	2	2	2	2	2	2	2	2	1	2	2	2	2	2	2	2	2	2	2	2	2	2	1	1	1	1	1	1	1	2	2	2	2	2	2	2	1	1	2	2	2	2	1	2	2	2	2	2	2	2	2	2	1	1	1	1	1	1	1	2	2	2	1	1	1	1	2	2
168	2	2	1	1	1	1	1	1	1	1	1	1	1	1	1	1	1	1	1	1	1	1	2	2	2	1	1	1	2	2	2	2	2	2	2	2	2	1	1	1	1	1	1	1	1	2	1	1	1	1	1	1	1	1	1	1	1	1	1	1	1	1	1	1	2	2	1	1	1	1	1	2	2	2	2	2	1	1	2	2	2	2	2	2	2	1	1	1	1	1	1	1	2	1	1	2	2	2	2	2	2
169	2	2	2	2	2	1	1	1	1	1	1	1	1	1	1	2	2	2	2	2	2	2	1	1	1	1	1	1	2	2	2	2	2	2	2	2	2	2	2	2	2	1	1	2	2	2	1	1	1	1	1	1	1	1	1	2	2	2	2	2	2	2	1	1	2	2	2	2	2	1	1	2	2	2	2	2	1	1	2	2	2	2	1	1	2	2	2	2	2	2	2	1	2	1	1	2	2	2	2	2	2
170	2	2	2	1	2	1	1	1	1	1	1	1	1	1	1	1	1	1	1	2	2	2	1	1	1	1	2	2	2	2	2	2	2	2	2	2	2	2	2	2	2	2	1	2	2	2	2	1	1	1	1	1	2	2	2	1	1	2	1	2	2	2	1	2	1	1	1	1	1	1	1	2	2	2	2	2	2	1	2	2	2	2	1	1	1	2	2	2	1	1	2	2	1	1	1	2	1	2	2	1	1
171	1	1	1	1	1	2	2	2	2	2	2	2	2	2	2	1	1	1	1	2	1	1	2	1	1	1	2	1	1	1	1	1	1	1	1	1	2	2	2	2	2	2	2	1	1	1	1	1	1	1	1	1	2	2	2	2	2	1	1	1	1	1	1	1	2	2	1	1	1	1	1	2	2	2	2	1	2	1	1	1	1	1	1	1	1	1	1	1	1	1	2	2	2	1	1	2	2	2	2	2	2
172	1	1	1	1	1	2	2	2	2	2	2	2	2	2	2	2	2	2	2	1	1	1	2	1	1	1	2	2	1	1	1	1	1	1	1	1	2	1	1	2	2	2	2	1	1	1	1	1	1	1	1	1	2	2	2	2	2	2	2	1	2	2	1	1	2	2	1	1	1	1	1	2	2	2	2	1	2	1	1	1	1	1	1	1	1	1	1	1	1	1	1	2	2	1	1	2	2	2	2	2	2
173	1	1	1	1	1	2	2	2	2	1	1	1	1	1	1	1	1	1	1	2	2	2	1	1	1	1	1	2	2	2	1	1	2	2	2	2	1	2	2	2	2	2	2	2	2	2	1	1	1	2	1	1	2	2	2	1	1	1	1	2	2	2	1	1	2	2	1	1	1	1	1	1	1	1	1	1	1	1	2	2	2	2	2	2	1	1	1	1	1	1	1	1	1	1	1	2	2	2	2	1	1
174	1	1	1	1	1	1	1	1	1	1	1	1	1	1	1	1	1	1	1	2	2	2	1	1	1	1	1	2	1	1	1	1	1	2	2	2	1	2	2	2	2	1	2	2	2	2	1	1	1	2	1	1	2	2	2	1	1	1	1	2	2	2	1	1	1	1	1	1	1	1	1	1	1	1	1	1	1	1	2	2	2	2	2	2	1	1	1	1	1	1	1	1	1	1	1	2	2	2	2	1	1
175	1	1	1	2	2	2	2	2	2	2	2	2	2	2	2	2	1	1	2	1	1	1	2	2	2	2	2	2	1	1	2	2	1	2	2	2	2	2	2	2	2	1	2	2	2	2	1	1	1	1	2	2	2	2	2	2	2	2	2	1	1	1	1	1	1	1	1	1	1	1	2	1	1	1	2	2	2	1	1	1	2	2	2	2	2	2	2	2	2	2	2	2	1	1	1	1	1	1	1	2	2
176	1	1	1	1	1	1	1	1	1	1	1	1	1	1	1	1	1	1	1	2	2	1	1	1	1	1	1	2	2	2	1	1	1	1	1	1	1	2	2	2	2	1	1	1	1	1	1	1	1	1	1	1	2	2	2	2	2	1	1	1	1	1	2	1	2	1	2	2	2	2	1	2	2	2	2	2	1	1	2	2	2	2	2	2	2	2	2	2	2	2	2	2	2	2	2	2	2	2	2	2	2
177	1	1	1	1	1	2	2	2	2	2	2	1	1	1	1	1	1	1	1	2	2	2	1	1	1	1	1	1	1	1	1	1	1	2	2	2	2	2	2	2	2	1	2	2	2	2	1	1	1	2	1	1	2	2	2	1	1	1	1	2	2	2	1	1	1	2	1	1	1	1	1	1	1	1	1	1	1	1	2	2	2	2	2	2	1	1	1	1	1	1	1	1	2	1	1	2	2	2	2	1	1
178	1	1	1	1	1	1	1	1	1	1	1	1	1	1	1	1	2	2	2	2	2	2	1	1	1	1	1	2	2	2	1	1	1	1	1	1	2	2	1	2	2	2	2	2	2	2	1	1	1	2	1	1	2	2	2	1	1	1	2	2	1	1	1	1	1	1	1	1	1	1	1	1	1	1	1	1	1	1	2	2	2	2	1	2	1	1	1	1	1	1	1	1	1	1	1	2	1	2	2	1	1
179	1	1	1	1	1	1	1	1	1	1	1	1	1	1	2	1	1	1	1	1	2	2	1	2	1	1	1	1	1	1	1	1	1	1	1	1	2	2	2	2	2	2	2	2	2	2	2	2	2	1	1	1	1	1	1	2	2	1	2	1	1	1	2	2	1	1	1	2	2	2	2	2	2	2	2	2	1	2	1	1	1	1	1	1	1	2	2	2	2	2	2	2	2	2	2	2	2	2	2	2	2
180	1	1	1	1	1	1	1	1	1	1	1	1	1	1	1	1	1	1	1	2	2	2	1	1	1	1	1	1	1	1	1	1	1	1	1	1	2	2	2	2	2	2	2	1	2	2	2	2	2	1	1	1	1	1	1	1	1	1	1	2	2	2	2	2	1	1	1	2	2	2	1	2	2	2	2	2	2	2	1	2	1	1	1	1	2	2	2	2	1	2	2	2	2	2	2	2	2	2	2	2	2
181	2	2	1	2	2	2	2	2	2	2	2	2	2	2	2	2	2	1	2	2	2	2	2	2	2	2	2	2	2	2	1	1	1	1	1	1	1	1	1	1	1	1	1	1	1	1	1	2	2	2	1	1	2	2	2	1	1	1	1	1	1	1	1	2	1	1	2	2	2	2	1	1	1	1	1	1	1	1	2	1	1	1	1	1	2	2	2	2	2	2	1	1	1	2	2	1	1	1	1	1	1
182	2	1	2	2	2	2	2	2	2	2	2	2	2	2	2	2	2	2	2	2	2	2	1	2	2	2	2	2	2	2	1	1	1	1	1	1	2	1	1	1	1	1	1	1	1	1	1	1	2	2	1	1	2	2	2	1	1	1	1	1	1	1	2	2	1	1	2	2	1	2	2	1	1	1	1	1	1	1	1	1	1	1	2	2	2	2	2	2	2	2	1	1	1	2	2	1	1	1	1	1	1
183	1	1	1	1	1	2	2	2	2	2	2	1	2	2	2	1	1	1	1	2	2	2	1	1	1	1	1	1	1	2	1	1	1	1	1	1	1	1	1	1	1	1	1	1	1	1	1	2	2	2	2	2	2	2	2	1	1	1	1	2	2	2	2	2	1	1	1	1	1	1	1	2	1	1	1	1	1	1	1	1	1	1	1	1	2	2	2	2	2	2	2	2	2	2	2	1	1	1	2	2	2
184	1	1	1	1	1	2	2	2	2	2	2	2	2	2	2	1	1	1	1	2	2	2	1	1	1	1	1	1	2	2	1	1	1	1	1	1	1	1	1	1	1	1	1	1	1	1	1	2	2	2	1	1	2	2	2	1	1	1	1	1	2	2	2	2	1	1	1	1	2	1	1	2	2	2	2	1	1	1	1	1	1	1	1	1	2	2	2	2	2	2	2	2	2	2	2	1	1	1	1	2	2
185	2	2	1	1	1	2	2	2	2	1	1	2	1	1	1	1	1	1	1	2	2	2	2	2	1	1	1	1	2	1	2	2	1	1	1	1	1	1	1	1	1	1	2	1	1	1	1	1	2	1	1	1	1	1	1	1	1	1	1	1	1	1	1	1	1	1	1	2	2	2	1	2	2	1	2	1	2	2	1	1	1	1	1	1	2	1	1	1	1	1	1	1	1	1	1	2	2	2	2	2	2
186	2	2	1	1	1	1	2	2	2	2	2	1	1	1	1	1	1	1	1	2	2	2	1	1	1	1	1	1	1	2	2	2	1	2	2	2	1	1	1	1	1	1	1	1	1	1	1	1	2	1	1	1	1	1	1	1	1	2	1	2	2	2	2	2	1	1	1	2	2	2	1	2	2	2	2	1	2	1	1	1	1	1	1	1	1	1	1	1	1	2	1	1	2	1	1	2	2	2	2	2	2
187	2	2	1	1	1	1	1	1	1	1	1	1	1	1	1	2	2	1	1	1	1	1	2	2	1	1	1	2	2	2	2	2	2	2	2	2	1	1	1	1	1	1	1	1	1	1	1	2	2	2	2	2	1	1	1	1	1	2	1	2	2	2	1	2	2	2	1	1	1	1	2	2	2	1	2	2	1	2	1	1	1	1	2	2	1	2	2	2	2	2	2	2	1	1	1	2	2	1	1	2	2
188	2	2	1	1	1	1	1	1	1	1	1	1	1	2	2	1	1	2	1	1	1	1	1	1	2	2	1	2	2	2	2	2	2	2	2	2	1	1	1	1	1	1	1	1	1	1	1	1	2	2	2	2	1	1	1	1	1	2	1	2	2	2	2	2	2	2	1	1	1	1	1	2	2	2	2	2	1	1	1	2	2	2	2	1	2	2	2	2	2	1	2	2	1	1	1	2	2	2	2	2	2
189	1	1	1	1	1	1	1	1	1	1	1	1	1	1	1	2	2	1	1	2	1	1	2	2	2	2	2	2	2	2	2	2	2	2	2	2	1	1	1	1	1	1	1	1	1	1	2	1	2	2	1	1	1	1	1	1	1	2	2	2	2	2	2	2	2	2	1	1	1	1	1	1	1	1	1	2	1	1	2	1	1	1	1	1	1	1	1	1	1	2	1	1	2	2	2	2	2	2	2	1	1
190	1	1	1	1	1	1	1	1	1	1	1	1	1	1	1	2	2	1	2	2	1	1	2	2	2	2	2	2	2	2	2	2	2	2	2	2	1	1	1	1	1	1	1	1	1	1	1	1	1	1	1	1	1	1	1	1	1	2	1	2	2	2	2	2	2	2	1	1	1	1	1	2	2	2	2	2	2	1	1	1	1	1	1	1	2	1	1	1	1	1	2	2	1	2	2	2	2	2	2	1	1
191	2	2	2	2	2	1	1	1	1	1	1	1	1	1	1	2	2	2	2	2	2	2	2	2	2	2	2	2	2	1	1	1	1	1	1	1	2	2	2	2	2	2	2	2	2	1	1	1	1	1	1	1	1	1	1	1	1	1	1	2	2	2	1	1	1	1	1	1	1	2	2	1	1	1	1	1	1	2	1	1	1	1	1	1	1	2	2	2	2	2	2	1	1	1	1	2	2	2	2	2	2
192	2	2	2	2	2	1	1	1	1	1	1	1	1	1	1	2	1	1	1	2	2	2	1	2	2	2	2	2	2	1	1	1	1	1	1	1	2	2	2	2	2	2	2	2	2	1	1	1	1	1	1	1	1	1	1	1	1	1	1	2	2	1	1	1	1	1	1	1	2	2	2	1	1	1	1	1	2	2	1	1	1	1	1	1	2	2	2	2	2	2	2	1	1	1	1	2	2	2	2	2	2
193	2	2	2	2	2	2	2	2	2	2	2	2	2	2	2	2	1	1	1	1	1	1	1	2	2	2	2	1	1	1	1	1	1	1	1	1	1	1	1	2	1	1	1	1	1	2	2	1	1	1	1	1	1	1	1	1	1	1	1	2	2	2	2	2	2	2	1	1	1	1	1	2	2	2	2	2	1	1	2	2	2	2	2	2	2	2	2	2	2	2	2	2	1	1	2	2	2	2	2	2	2
194	1	1	1	2	2	2	2	2	2	2	2	2	2	2	1	1	1	1	1	2	2	1	1	1	1	1	1	1	1	1	1	1	2	2	2	2	1	1	1	1	2	2	2	2	1	1	1	2	1	1	1	1	1	1	1	1	1	1	1	1	1	1	2	2	1	1	1	1	1	1	1	2	2	2	2	2	2	1	2	2	2	2	2	2	2	1	1	1	1	1	1	2	2	2	2	2	2	1	2	2	2
195	1	1	1	1	1	2	2	2	2	1	2	2	1	1	1	2	2	2	2	1	1	1	1	2	2	2	1	1	2	2	2	2	2	2	2	2	1	1	1	1	1	1	1	1	2	2	2	1	2	1	1	1	2	2	2	2	2	2	2	1	1	2	2	2	2	2	1	1	2	2	2	2	1	2	2	2	2	1	2	2	2	2	2	2	1	2	2	2	2	1	1	2	2	2	2	1	1	1	1	1	1
196	2	1	1	1	1	2	2	2	2	2	2	2	1	1	1	2	1	2	2	1	1	1	1	1	1	1	1	1	2	2	2	2	2	2	2	2	1	1	1	2	1	1	1	1	1	1	1	2	1	1	1	1	2	2	2	2	2	2	2	2	1	1	1	1	2	1	1	1	1	2	2	2	2	2	2	2	1	2	2	2	2	2	2	2	1	2	2	2	2	1	1	2	2	2	2	1	1	1	1	1	1
197	2	2	2	1	1	1	1	1	1	1	1	1	1	1	1	1	1	1	1	2	2	2	2	2	2	2	2	2	2	2	2	2	2	2	2	2	2	2	2	2	2	2	2	2	2	2	2	2	2	1	1	1	2	2	2	1	1	1	1	2	2	2	1	1	1	1	1	1	1	1	1	2	1	2	2	2	2	1	2	2	2	2	1	1	1	2	2	2	1	1	2	2	1	1	1	2	2	1	1	1	1
198	1	1	1	2	2	2	2	2	2	2	2	2	2	2	2	2	2	1	2	1	1	1	2	2	2	2	2	2	2	2	2	2	2	2	2	2	2	2	1	2	2	2	2	2	2	2	1	1	1	1	2	2	1	2	2	1	2	2	2	1	1	1	1	1	1	1	1	1	1	1	1	2	2	2	2	2	2	1	1	1	2	2	2	2	1	2	2	2	2	2	2	2	1	1	1	1	1	1	1	2	2
199	2	2	2	2	2	1	1	1	1	1	1	2	2	1	1	1	1	1	1	2	2	2	2	2	2	2	1	1	1	1	2	2	2	1	2	2	2	2	1	2	1	1	1	1	1	2	2	2	2	2	2	2	2	2	2	1	1	1	1	1	2	2	1	1	1	1	1	1	1	1	1	1	1	1	1	1	2	2	2	2	2	2	2	2	2	1	1	1	1	1	1	1	2	2	2	2	2	2	2	1	1
200	2	2	2	2	2	1	1	1	1	1	1	2	2	1	1	1	1	1	1	2	2	2	2	2	2	2	1	1	1	1	2	2	2	1	2	2	2	2	1	1	1	1	1	1	2	2	2	1	1	2	2	2	2	2	2	1	1	1	1	2	2	2	1	1	2	2	1	1	1	1	1	1	1	1	1	1	2	1	2	2	2	2	2	2	1	1	1	1	1	1	1	1	2	2	2	2	1	2	2	1	1
201	2	2	2	2	2	1	1	1	1	1	1	1	1	2	2	2	2	2	2	1	1	1	2	2	2	2	2	2	2	2	1	1	1	1	1	1	1	1	1	1	1	1	2	1	2	2	2	2	2	2	2	2	2	2	2	2	2	1	1	2	2	2	2	2	1	1	1	1	1	2	1	2	2	2	2	2	2	2	1	1	1	1	1	1	1	1	1	1	1	1	1	1	1	1	1	2	2	2	2	1	1
202	2	2	2	2	2	2	1	1	1	1	1	1	1	1	1	2	2	2	2	2	2	2	2	2	2	2	1	1	1	1	1	1	1	1	1	1	2	2	2	2	2	2	2	2	2	2	2	2	2	2	2	2	1	1	1	2	2	1	1	2	2	2	2	2	1	1	1	1	1	1	2	2	2	2	2	2	1	1	2	2	2	2	2	2	1	2	2	2	2	2	2	2	2	2	1	2	2	2	2	2	2
203	2	2	2	2	2	2	2	2	2	2	2	1	1	2	2	2	2	2	2	2	2	1	2	2	2	2	2	2	2	2	2	2	2	2	2	2	2	2	1	2	2	2	2	2	2	2	1	1	1	1	1	1	1	1	1	2	2	1	1	2	1	1	1	1	2	2	1	1	1	2	2	2	2	2	2	2	2	1	1	1	1	1	1	1	2	1	1	1	1	1	1	2	2	2	2	1	1	1	1	2	2
204	2	2	2	2	2	2	2	2	2	2	2	2	2	2	2	2	2	2	2	2	2	2	1	1	2	2	1	1	2	2	1	1	1	1	1	1	1	1	1	1	1	1	1	1	1	1	2	1	2	1	1	1	2	2	2	2	2	2	2	2	2	2	2	1	1	2	1	1	1	2	2	2	2	2	2	2	1	1	2	1	1	2	2	2	1	1	1	1	1	1	1	2	1	2	2	1	1	1	1	1	1
205	2	2	2	2	2	2	2	2	2	2	2	2	2	2	2	2	1	1	1	2	2	2	2	2	1	1	1	1	1	1	2	2	2	2	2	2	1	1	1	1	1	1	1	1	1	1	1	1	1	2	1	1	2	2	2	2	2	2	2	2	2	2	2	2	2	2	2	2	2	2	2	2	2	2	2	1	2	2	2	2	2	2	2	2	1	1	1	1	2	2	2	2	1	1	1	2	2	2	2	2	2
206	2	2	2	2	2	1	1	1	1	1	1	1	2	2	2	2	2	1	2	2	1	1	2	2	2	2	2	2	2	2	1	1	2	1	1	1	2	2	2	2	1	2	2	2	1	1	1	1	1	1	2	2	1	1	1	2	2	1	1	2	2	2	2	2	1	1	1	1	1	1	1	2	2	2	1	2	2	1	2	2	2	2	2	2	1	1	1	1	1	1	2	1	2	2	2	2	2	2	2	2	2
207	1	1	1	1	1	1	1	1	1	1	1	1	1	2	2	1	1	1	1	1	1	1	1	1	1	1	1	1	1	1	1	1	2	1	1	1	1	1	1	1	1	1	1	1	1	1	1	1	1	1	1	1	2	2	2	2	2	1	1	2	2	2	2	2	1	1	2	1	1	1	1	2	2	2	2	2	2	1	1	1	2	2	2	2	1	2	2	2	2	2	1	2	1	2	2	1	1	1	1	1	1
208	1	1	1	1	1	1	2	2	2	2	2	2	2	2	2	2	1	1	1	2	2	2	2	2	1	1	1	1	1	1	1	1	1	2	2	2	2	1	1	2	2	2	2	2	2	2	1	2	2	1	1	1	1	1	1	2	2	1	1	1	1	1	1	1	1	1	1	1	1	1	1	2	2	2	2	1	2	2	2	1	1	1	1	1	2	1	1	1	1	1	1	1	2	2	2	1	1	1	1	1	1
209	2	1	2	2	2	2	2	2	2	2	2	1	1	1	1	1	2	2	2	2	1	1	1	2	2	2	1	1	1	1	1	1	1	1	2	2	1	1	1	1	1	1	1	1	1	1	1	1	1	1	1	1	2	2	2	2	2	2	2	2	2	2	1	1	1	1	2	2	2	2	2	2	2	1	1	2	2	1	2	2	2	1	1	1	1	2	2	2	1	1	1	1	1	2	2	1	1	1	1	2	1
210	2	2	2	2	2	1	1	1	1	1	1	1	1	1	1	1	1	1	1	1	1	1	1	1	1	1	2	2	2	2	2	2	2	2	2	2	2	2	2	1	2	2	2	2	1	1	1	2	1	1	1	1	2	2	2	1	1	1	1	2	2	2	2	2	1	1	1	1	1	1	1	2	1	2	2	2	2	2	2	2	2	2	2	2	2	2	2	2	2	2	1	2	1	1	1	1	1	1	1	2	2
211	1	1	1	1	1	2	2	2	2	2	2	2	2	2	2	2	2	1	2	2	2	1	2	2	2	2	2	2	1	1	1	1	1	2	2	1	1	1	1	1	2	2	2	2	2	2	1	1	2	2	2	2	2	2	2	2	2	2	2	2	2	1	1	1	1	1	2	1	1	1	2	2	2	2	1	1	1	1	1	1	2	2	1	1	2	2	2	2	2	2	2	1	2	2	2	1	1	1	1	1	1
212	2	2	2	2	2	2	2	2	2	2	2	2	2	2	2	2	2	2	2	2	2	2	1	2	1	1	1	2	1	1	1	1	1	1	1	1	2	1	1	1	1	2	2	2	2	2	2	2	2	1	1	1	1	1	1	1	1	1	1	1	1	1	2	2	1	1	2	2	2	2	1	2	2	2	2	2	2	1	1	1	1	1	1	1	1	2	2	2	2	2	2	2	2	2	2	2	2	2	2	1	1
213	2	2	1	1	1	1	1	1	1	1	1	1	1	1	2	2	1	1	1	1	1	1	1	1	1	1	1	1	2	2	2	2	2	2	1	1	1	1	1	1	1	2	2	2	2	2	2	2	2	1	2	2	1	1	1	2	2	1	1	1	2	2	1	1	1	1	2	2	2	2	2	2	2	2	2	1	2	1	1	1	1	1	1	1	2	1	1	1	1	1	2	2	2	2	2	1	1	1	1	1	1
214	2	2	2	2	2	2	2	2	2	2	2	2	2	1	1	1	1	1	2	1	1	1	1	1	1	1	1	1	1	1	1	1	1	1	1	1	1	1	1	1	1	1	1	1	1	1	2	2	2	2	1	1	1	1	2	1	2	2	1	1	1	1	2	2	1	1	1	1	1	1	1	1	1	2	1	2	2	1	2	1	1	1	1	1	2	1	1	1	2	2	2	2	2	1	2	2	1	2	2	1	1
215	1	1	1	2	2	2	2	2	2	2	2	2	2	1	2	2	2	2	2	1	1	1	2	2	2	2	2	1	1	1	1	1	1	1	1	1	1	2	2	2	2	2	2	2	1	1	2	1	1	1	1	1	2	2	2	1	1	2	1	1	1	2	1	1	1	1	1	1	1	2	2	2	2	2	2	2	1	1	1	1	1	1	1	1	2	1	1	1	1	1	1	2	2	2	2	2	2	2	2	2	2
216	1	1	1	1	1	1	1	1	1	1	1	1	1	1	1	1	1	1	1	1	1	1	1	1	1	1	1	1	1	1	1	1	1	1	1	1	2	1	1	1	1	1	1	1	2	2	2	1	1	2	2	2	1	1	1	1	1	1	1	1	1	1	2	2	1	2	1	1	1	1	2	1	1	1	1	1	2	1	2	2	2	2	2	2	1	1	1	1	2	2	2	1	1	1	1	2	2	2	2	2	2
217	1	2	1	1	1	1	1	1	1	1	1	1	1	1	1	1	2	2	2	1	1	1	1	1	1	1	1	1	2	2	2	2	2	2	2	2	2	2	2	2	2	2	2	2	1	1	1	1	1	1	2	2	1	1	1	2	2	2	2	2	1	1	1	1	2	2	2	2	2	1	2	1	2	2	2	1	1	2	2	2	1	1	1	1	2	2	2	2	2	2	1	1	1	1	1	2	2	2	1	1	1
218	1	1	1	1	1	2	2	2	2	2	2	2	2	2	2	2	2	2	2	2	2	2	2	1	1	1	1	2	2	2	2	2	2	2	2	2	1	1	1	1	1	1	1	1	2	2	2	1	1	1	1	2	1	1	1	2	2	1	1	2	2	2	1	1	2	2	1	1	1	1	1	1	1	1	1	1	1	1	1	2	1	2	2	2	2	2	2	2	1	1	1	1	1	1	1	2	2	2	2	2	2
219	1	1	1	1	1	1	1	1	1	1	1	1	1	2	2	1	1	1	1	1	1	1	1	1	1	1	1	1	1	1	1	1	2	2	2	2	2	2	2	2	2	1	1	1	2	2	2	2	2	1	1	1	1	1	1	2	2	1	1	1	1	1	2	1	1	1	1	2	2	2	2	2	2	2	2	2	2	2	2	1	1	1	1	1	1	1	1	1	1	1	1	2	2	2	2	1	1	1	1	1	1
220	1	1	1	1	1	1	1	1	1	1	1	1	1	1	1	1	1	1	1	1	1	1	2	2	2	2	1	1	1	1	1	1	2	2	2	2	1	1	1	1	1	1	1	2	1	2	1	2	2	2	2	2	2	2	2	1	2	1	1	2	2	2	1	1	2	1	2	2	2	2	2	1	1	1	1	2	2	1	1	1	1	1	2	2	2	1	1	1	1	1	2	2	2	2	2	1	1	1	1	1	1
221	1	1	1	1	1	2	2	2	2	2	2	2	1	2	1	1	1	1	1	1	1	2	1	1	1	1	2	2	2	2	2	2	2	2	2	2	1	1	1	1	2	2	2	2	2	2	2	2	2	2	2	2	2	2	2	1	1	1	1	2	2	2	2	2	1	1	1	1	1	1	2	1	1	1	1	1	1	1	1	1	1	1	1	1	1	1	1	1	1	1	1	1	2	2	2	1	1	1	1	1	1
222	2	2	2	1	2	2	2	2	2	2	2	2	2	2	2	1	1	1	1	2	2	1	1	1	1	1	1	1	1	1	1	1	1	1	1	1	2	2	2	2	1	1	1	1	1	1	1	1	1	1	2	2	2	2	2	2	2	1	1	1	1	1	1	1	1	1	1	2	2	1	1	2	2	2	2	1	2	2	1	1	1	1	2	1	1	2	2	2	2	2	2	2	2	1	1	2	2	2	2	2	2
223	2	2	2	2	2	2	2	2	2	2	2	2	2	2	2	2	2	2	2	2	2	2	1	1	2	2	2	1	1	1	2	2	2	2	2	2	2	2	2	2	2	2	2	2	2	2	2	1	1	1	2	2	1	1	1	1	1	1	1	1	2	2	2	1	1	1	2	2	2	2	1	1	1	1	1	1	1	1	1	1	1	1	1	1	2	2	2	2	2	2	2	1	1	1	1	2	2	1	1	1	1
224	1	1	1	1	1	1	1	1	1	1	1	1	1	1	1	1	1	1	1	1	1	1	1	1	1	1	2	2	1	1	1	1	1	1	1	1	1	2	2	2	2	2	2	2	2	2	2	2	2	1	1	1	1	1	1	1	1	2	2	1	2	2	2	2	1	2	1	1	1	1	1	2	2	2	1	1	1	1	1	1	1	1	1	1	2	1	1	1	1	1	1	1	1	1	1	1	1	1	1	1	2
225	2	2	2	2	2	2	2	2	2	2	2	2	2	2	2	2	1	1	1	1	1	1	2	2	2	2	1	1	1	1	2	2	2	2	2	2	1	1	1	1	2	2	2	2	2	2	2	2	2	2	2	2	2	2	2	1	1	1	1	1	1	1	2	2	2	2	2	2	2	2	1	2	2	2	2	2	1	1	2	2	2	1	1	1	2	2	2	2	1	1	1	2	1	1	1	2	2	2	2	1	1
226	1	1	1	1	1	2	2	2	2	2	2	2	2	2	2	2	1	1	1	1	1	1	2	1	1	1	2	1	2	2	2	2	2	2	2	2	2	2	2	2	2	2	2	2	2	2	2	1	1	1	2	2	1	1	1	2	2	1	2	1	1	1	2	2	2	2	1	1	1	1	1	2	2	2	2	2	2	1	2	1	1	1	1	1	1	1	1	1	1	1	1	2	2	2	2	1	1	1	1	1	1
227	2	2	2	2	2	2	1	1	1	1	1	2	1	2	2	1	1	1	1	1	1	1	1	1	1	1	1	2	2	2	2	2	2	2	2	2	2	2	2	2	2	2	2	2	2	2	2	2	2	2	2	2	2	2	2	2	2	2	2	1	2	2	1	1	1	1	2	1	2	1	1	1	1	1	1	1	1	1	1	2	1	1	1	1	1	2	2	2	2	2	2	1	2	2	2	1	1	1	1	1	1
228	1	1	2	1	2	2	2	2	2	2	2	2	2	1	1	1	1	1	1	2	2	2	2	2	2	2	1	1	1	1	1	1	2	2	2	2	1	1	1	1	1	1	1	1	1	1	1	2	2	2	2	2	1	1	1	1	1	2	2	2	1	2	2	2	2	2	1	1	1	1	1	2	2	2	2	2	1	2	1	1	1	1	1	1	2	2	2	2	2	2	2	2	1	1	1	2	2	2	2	2	2
229	1	1	1	1	1	2	1	1	1	1	1	1	1	1	1	1	1	1	1	1	1	1	1	1	1	1	1	1	1	2	1	1	1	1	1	1	1	1	1	1	1	1	1	1	2	2	2	2	1	1	2	2	1	1	1	1	1	2	1	1	1	1	1	1	1	1	2	2	2	1	1	2	1	1	2	1	1	1	1	1	1	1	1	1	2	1	1	1	1	2	1	1	2	1	1	1	1	1	1	1	1
230	1	1	1	1	1	1	2	2	2	2	2	2	2	2	2	1	2	1	2	1	1	1	1	1	2	2	2	2	2	2	2	2	2	2	2	2	2	2	2	2	2	2	2	2	2	2	2	2	2	2	2	2	2	1	1	2	2	2	2	2	2	2	2	2	1	1	2	2	2	2	1	1	1	1	1	1	1	1	2	1	1	1	1	1	2	2	2	2	2	2	2	1	2	1	1	1	1	1	1	1	1
231	1	1	2	2	2	2	2	2	2	2	2	2	2	1	1	1	2	2	1	1	1	1	1	1	2	2	2	2	2	2	2	2	2	2	2	2	2	2	2	2	2	2	2	2	2	2	2	2	2	2	2	2	2	1	1	2	2	2	2	2	2	2	2	2	1	1	2	2	2	2	2	1	1	1	1	1	1	1	2	1	1	1	1	1	2	2	2	2	2	2	2	1	2	1	1	1	1	1	1	2	2
232	1	1	1	1	1	2	2	2	2	2	2	1	1	2	2	2	2	2	2	2	2	2	2	2	2	2	2	2	1	1	1	1	1	1	1	1	2	1	1	2	1	1	1	2	1	1	1	1	1	1	1	1	1	1	1	2	2	2	2	2	1	1	1	1	2	2	2	2	2	2	1	1	1	1	1	2	2	1	2	2	1	2	2	2	2	1	1	1	1	1	2	2	2	2	2	2	2	2	2	2	2
233	1	1	1	1	1	2	2	1	2	2	2	1	1	2	2	2	2	2	2	2	2	2	2	2	2	2	2	2	1	1	1	1	1	1	1	1	2	1	1	1	1	2	2	2	1	1	1	2	1	1	2	1	2	1	1	2	2	2	2	2	1	1	1	1	2	2	2	2	2	2	2	1	1	1	1	2	2	1	2	2	2	2	2	2	1	1	1	1	1	1	2	2	2	2	2	2	2	2	2	2	2
234	2	2	1	1	1	1	1	1	1	1	1	1	1	2	2	1	1	1	1	2	2	2	1	1	1	1	1	1	1	1	1	1	1	1	1	1	1	1	1	1	1	2	2	2	1	1	1	2	2	2	1	1	2	2	2	2	2	1	1	1	1	2	2	1	1	1	2	1	2	1	1	1	2	2	2	2	2	2	2	2	2	2	2	2	1	2	1	1	1	1	1	2	2	2	2	1	1	1	1	1	1
235	2	2	2	2	2	1	1	1	1	1	1	1	1	1	1	2	2	2	2	2	2	1	1	1	1	1	2	1	1	1	1	1	2	2	2	2	2	2	2	2	2	1	1	2	2	2	1	1	1	1	1	1	1	1	1	2	2	1	1	2	2	1	1	1	2	2	2	2	2	1	1	1	2	2	2	2	2	1	2	2	2	2	1	1	1	2	2	2	2	2	2	1	2	1	1	2	2	1	2	2	2
236	2	2	2	2	2	1	1	1	1	1	1	1	1	1	1	2	2	2	2	1	1	1	1	1	2	2	2	2	2	2	1	1	1	1	1	1	1	1	1	1	1	1	1	1	2	2	2	2	2	2	2	2	2	2	2	2	2	1	1	2	2	2	2	2	1	1	1	1	1	2	1	1	1	1	1	2	2	2	1	1	1	1	1	1	2	1	1	1	1	1	1	1	1	1	1	2	1	2	2	1	1
237	2	2	1	2	2	2	2	2	2	2	2	2	2	2	2	2	1	1	1	2	2	2	2	1	1	1	1	1	2	2	2	2	2	2	2	2	2	2	2	2	2	2	2	2	2	2	2	2	2	2	1	2	2	2	2	1	1	2	2	1	2	2	1	1	2	2	2	2	2	2	2	2	2	2	2	2	1	1	1	1	1	1	1	1	1	2	2	2	2	2	1	1	2	2	2	2	2	2	2	2	2
238	2	2	2	1	1	2	1	2	1	2	2	2	2	1	1	1	1	1	1	1	1	1	1	1	1	2	2	2	2	2	2	2	2	2	2	2	2	2	2	2	2	2	2	2	2	2	2	2	2	2	2	2	1	1	1	1	1	1	1	1	1	1	2	2	2	2	1	1	1	1	1	2	2	2	2	2	2	2	2	2	2	2	2	1	2	1	1	1	1	1	2	2	2	1	1	1	1	1	2	2	2
239	2	2	2	2	2	2	2	2	2	2	2	2	2	2	2	2	1	1	1	1	2	2	2	2	2	2	1	1	2	2	2	2	2	1	1	1	2	2	2	2	2	2	2	2	2	2	2	2	2	2	2	2	2	2	2	1	1	2	2	2	2	2	2	2	2	2	2	2	2	2	2	2	2	2	2	2	1	1	1	1	1	1	1	1	1	2	2	2	2	2	2	2	2	2	2	2	2	2	2	2	2
240	1	1	1	1	1	2	2	2	2	2	2	2	2	2	2	2	2	2	2	1	1	1	2	2	2	2	1	1	1	1	2	2	2	2	2	2	2	2	2	2	2	2	2	2	1	1	1	2	2	2	1	2	1	1	1	2	2	2	2	2	2	2	1	1	1	1	2	2	2	1	1	1	1	1	1	2	1	1	1	1	1	1	1	1	2	1	1	1	1	1	1	2	2	1	1	1	1	1	1	2	2
241	1	1	1	1	1	2	2	2	2	2	2	2	2	2	2	2	2	2	2	1	1	1	2	2	2	2	1	2	2	2	2	2	2	2	2	2	1	1	1	1	2	1	1	1	1	1	1	2	2	2	1	2	2	2	2	2	2	2	2	1	2	2	1	1	1	1	2	1	1	1	1	2	1	1	1	1	1	2	1	1	1	1	1	1	1	2	2	2	2	2	1	1	2	1	1	2	2	2	2	1	1
242	1	1	1	1	1	1	1	1	1	1	1	1	1	1	1	1	1	1	1	2	2	1	1	2	1	1	2	2	2	2	2	2	1	1	1	1	1	2	2	2	2	2	2	2	1	1	1	1	1	2	2	2	2	2	2	2	2	1	1	1	1	1	1	1	1	1	2	2	2	2	2	2	2	2	2	2	2	2	1	1	1	1	1	1	2	2	2	2	2	2	2	2	2	2	1	2	2	2	2	1	1
243	2	1	1	1	1	2	2	2	2	2	2	2	2	2	2	2	1	1	1	2	2	1	2	2	1	1	1	2	2	2	2	2	2	2	2	2	2	2	2	2	2	2	2	2	2	2	2	1	1	2	2	2	1	1	1	2	2	2	2	2	1	1	2	2	2	2	2	2	2	2	2	1	1	1	1	1	2	2	2	2	2	2	2	2	2	2	2	2	2	1	1	2	1	1	1	1	1	1	1	2	2
244	1	1	1	1	1	1	1	1	1	1	1	1	1	1	1	1	1	1	1	1	1	1	2	2	2	2	2	2	2	1	1	1	1	1	1	1	1	2	2	2	2	2	2	2	1	1	2	2	2	2	1	1	1	1	1	1	1	1	1	2	2	2	2	2	1	1	2	1	1	1	1	1	1	1	1	2	2	2	2	2	1	2	2	2	1	2	2	2	2	2	2	2	1	1	1	2	2	1	1	1	1
245	1	1	1	1	1	1	1	1	1	1	1	1	1	1	1	1	1	1	1	1	1	1	1	1	1	1	1	1	1	1	1	1	1	1	1	1	1	1	1	1	1	1	1	1	1	1	1	1	1	1	1	1	1	1	1	1	1	1	1	1	1	1	1	1	1	1	1	1	1	1	1	1	1	1	1	1	1	1	1	1	1	1	1	1	2	1	1	1	1	1	1	1	1	1	1	1	1	1	1	1	1
246	1	1	1	1	1	1	2	1	1	1	1	1	1	1	1	1	2	1	2	1	2	1	2	2	2	2	2	2	1	1	2	2	2	2	2	2	2	2	2	2	2	2	2	2	1	1	1	1	1	2	1	1	1	1	1	1	1	1	1	1	1	1	1	1	1	1	1	1	1	1	1	1	1	1	1	1	1	1	2	2	2	2	2	2	1	2	2	2	2	2	1	1	1	1	1	1	1	1	1	1	1
247	1	1	1	1	1	1	1	1	1	1	1	1	1	1	1	1	1	1	2	1	2	2	2	1	2	2	2	2	1	1	2	2	2	2	2	2	2	2	2	2	2	2	2	2	1	1	1	1	2	2	1	1	1	1	1	1	1	2	2	1	1	1	1	1	1	1	1	1	1	1	1	2	2	2	2	2	2	1	1	2	2	2	2	2	2	2	2	2	2	2	1	2	1	1	1	1	1	1	1	1	1
248	1	1	2	1	2	2	2	2	2	2	2	2	2	2	2	1	2	2	2	1	1	1	1	2	2	2	1	1	1	1	2	2	2	2	2	2	1	1	1	1	1	1	1	1	1	1	1	1	1	1	1	1	1	1	1	1	1	1	1	1	1	1	2	2	1	1	2	2	2	2	2	2	2	2	2	1	2	1	2	1	1	1	1	1	1	2	2	2	2	2	2	2	1	1	1	1	1	1	1	2	2
249	2	1	1	2	2	2	2	2	2	2	2	2	2	2	2	1	2	2	2	2	2	2	2	1	1	1	1	1	1	1	2	2	2	2	2	2	1	1	1	2	1	1	1	1	1	1	1	1	1	1	1	1	1	1	1	1	1	1	1	2	1	1	2	2	1	1	2	2	2	2	1	2	2	2	2	1	1	1	2	1	1	1	1	1	2	2	2	2	2	2	2	2	1	1	1	1	1	1	1	2	2
250	2	2	1	1	1	1	1	1	1	1	1	1	1	2	2	2	1	1	1	1	1	1	1	1	1	1	1	1	1	1	1	1	1	1	1	1	1	1	1	1	1	1	1	1	2	2	2	1	1	1	1	1	2	2	2	2	2	2	2	2	2	2	1	1	1	1	1	1	1	1	1	2	2	2	1	1	2	1	2	2	2	2	2	2	2	2	2	2	1	1	1	1	1	1	2	2	2	2	2	1	1
251	2	1	1	1	1	1	1	1	1	1	1	1	1	2	2	2	1	1	1	2	2	1	1	1	1	1	1	1	1	1	1	1	1	1	1	1	1	1	1	2	1	1	1	1	1	1	1	2	2	1	1	1	1	1	1	1	1	2	2	1	2	2	1	1	1	1	1	1	1	1	1	2	2	2	1	1	2	1	1	1	1	1	1	1	2	2	2	2	1	1	1	1	1	1	1	2	2	2	2	1	1
252	1	1	1	1	1	1	1	1	1	1	1	2	2	2	2	2	1	1	1	2	2	2	1	1	2	2	2	2	2	2	2	2	2	2	2	1	1	1	2	1	1	1	1	1	1	1	1	1	1	2	2	2	1	1	1	2	1	1	2	1	1	1	1	1	1	1	2	2	2	2	2	2	2	2	2	2	2	1	2	2	2	2	2	2	2	2	2	2	2	2	2	2	2	2	2	2	2	2	2	2	2
