	M1	M2	M3	M4	M5	M13	M9	M12	M11	M8	M10	M7	M6	M14	M15	M16	M19	M18	M17	M21	M90	M20	M26	M22	M24	M23	M25	M27	M28	M29	M31	M32	M33	M34	M35	M36	M37	M38	M39	M40	M41	M42	M43	M44	M45	M46	M47	M48	M49	M51	M50	M52	M55	M54	M53	M57	M56	M59	M58	M82	M61	M60	M63	M62	M66	M65	M69	M70	M71	M72	M73	M75	M76	M77	M78	M79	M80	M81	M83	M84	M85	M86	M87	M88	M98	M97	M96	M95	M94	M93	M92	
1	2	2	2	2	2	2	2	2	1	2	2	1	2	2	2	2	2	1	1	1	1	1	1	2	2	2	2	1	2	2	2	2	2	1	1	1	2	2	2	2	2	2	2	1	2	1	1	2	2	1	1	2	2	1	2	2	2	1	2	1	2	1	1	2	2	2	1	1	1	1	1	1	2	2	1	2	2	1	2	2	1	2	2	1	2	2	2	2	2	2	2
2	2	2	2	1	2	1	1	1	1	1	1	2	2	1	1	1	2	2	2	1	1	1	2	2	1	1	2	1	1	1	1	1	1	1	1	1	1	1	1	1	1	2	1	2	2	2	2	2	2	1	2	2	2	1	2	1	2	1	1	1	1	1	2	2	1	1	2	2	2	1	1	2	2	2	2	2	2	2	1	2	2	2	2	1	2	2	2	2	2	2	2
3	1	1	1	1	1	2	2	2	2	2	2	2	2	1	2	1	1	1	1	1	1	1	1	1	2	2	1	1	1	1	1	1	1	1	1	2	1	1	1	2	2	2	2	2	1	2	1	2	2	1	2	2	2	2	2	2	2	2	2	1	1	1	2	2	1	1	2	1	1	1	1	2	2	2	2	2	1	1	1	2	2	2	2	1	2	2	2	2	2	2	2
4	2	2	2	2	2	2	2	2	2	2	2	1	1	1	1	1	1	1	1	2	2	2	2	2	2	2	2	1	1	1	2	2	1	1	1	1	1	1	1	2	1	2	2	2	2	2	2	2	2	2	2	2	2	1	2	2	2	2	2	1	1	1	1	1	1	1	1	1	1	1	1	1	1	1	1	1	1	1	2	2	2	2	2	1	1	1	1	1	2	1	1
5	2	2	2	2	2	2	2	2	2	2	2	2	2	2	2	1	1	1	1	2	2	2	1	1	2	2	2	2	2	2	2	2	1	1	1	1	1	1	1	1	1	1	1	1	1	1	1	1	1	1	1	2	2	1	2	2	2	1	1	1	1	1	2	2	1	2	1	1	1	1	1	1	1	1	1	1	1	1	2	2	1	1	1	2	1	1	1	1	1	1	1
6	1	1	1	1	1	1	1	1	1	1	1	1	1	2	2	2	2	2	2	1	1	1	2	1	2	2	2	2	1	1	1	1	1	1	1	1	1	1	1	2	2	2	1	2	2	2	2	2	2	2	2	2	1	1	1	1	1	1	1	1	2	2	1	1	1	1	1	1	1	1	1	2	2	2	2	2	2	1	1	1	1	1	1	1	2	1	1	1	1	1	1
7	2	2	2	1	1	1	1	1	1	1	1	2	2	2	2	2	1	1	2	2	2	2	1	1	1	1	1	2	1	1	1	1	2	2	2	2	2	2	2	2	2	2	2	2	2	2	2	2	2	2	2	2	1	1	1	1	2	2	2	1	1	1	2	2	2	2	1	1	1	1	1	1	1	1	1	2	1	1	2	2	2	1	1	1	1	1	1	1	1	1	1
8	2	2	2	2	2	2	2	1	2	2	2	2	2	2	2	2	2	1	1	2	2	2	2	2	2	2	2	2	2	2	1	1	1	1	1	1	1	1	1	2	2	2	2	2	1	1	1	1	1	1	1	1	1	1	1	2	2	2	2	1	1	1	2	1	1	1	2	2	2	2	2	1	1	1	1	1	1	1	2	2	2	2	1	2	1	1	1	2	2	2	2
9	1	1	2	2	1	1	1	1	1	1	1	2	2	2	2	1	1	1	1	1	1	2	2	1	2	2	2	2	2	2	2	2	1	1	1	1	2	2	1	2	2	2	2	2	2	2	2	2	2	2	2	2	1	1	1	1	1	1	1	1	1	1	2	2	1	2	1	1	1	1	1	1	1	1	1	2	1	1	1	1	1	1	2	2	2	2	2	1	1	2	1
10	2	2	1	2	2	2	2	2	2	2	2	2	2	2	2	1	1	1	1	1	1	1	2	2	1	2	1	2	2	2	2	2	2	2	2	1	1	1	1	2	2	1	1	1	1	1	1	1	1	1	1	1	1	1	1	1	1	1	1	1	2	2	2	2	1	1	1	1	1	1	1	2	2	2	2	2	2	1	1	1	1	1	1	1	2	2	2	2	1	2	2
11	2	2	2	2	2	2	2	2	2	2	2	2	2	2	2	1	2	2	2	1	1	1	1	1	1	1	2	2	2	2	2	2	2	2	2	2	1	1	1	2	1	1	1	1	1	1	1	1	1	1	1	1	2	2	2	1	2	1	1	2	2	2	1	1	2	2	1	2	1	1	1	1	1	1	1	1	1	1	1	1	1	1	1	1	1	1	2	2	2	2	2
12	1	1	2	2	2	1	1	1	1	1	1	1	1	1	1	1	1	1	1	1	1	2	2	2	2	2	2	2	2	2	1	1	1	2	2	2	2	1	1	2	2	2	2	2	2	2	2	2	2	1	2	2	1	1	1	1	1	1	1	1	1	1	2	2	1	1	2	2	2	2	1	1	1	1	2	2	2	1	1	1	1	1	1	1	2	2	2	1	2	2	2
13	1	1	1	1	1	1	1	1	1	1	1	1	1	2	2	2	2	2	2	2	2	2	2	2	2	2	2	2	2	1	2	2	2	2	2	2	2	2	2	2	2	2	1	1	1	1	1	1	1	1	1	1	2	2	2	2	2	2	2	1	1	1	2	2	1	1	2	2	2	2	1	1	1	1	1	1	1	2	2	2	1	1	1	1	2	2	2	2	2	2	2
14	2	2	2	2	2	1	1	1	1	1	1	1	1	2	2	2	2	2	2	1	1	1	2	2	2	2	2	2	2	2	2	2	2	2	2	2	2	2	2	2	2	1	1	1	1	1	1	1	1	1	1	1	2	2	2	1	1	1	1	1	1	1	2	2	2	2	2	2	2	2	2	1	1	1	2	1	1	1	2	2	2	2	2	2	1	1	1	1	1	1	1
15	2	2	2	2	2	2	2	2	2	2	2	2	2	2	2	2	2	2	2	2	2	2	2	2	2	2	2	2	2	2	1	1	1	1	1	1	1	2	2	1	1	2	2	2	2	2	2	1	1	1	1	2	2	2	2	2	2	2	2	1	2	2	1	1	1	1	2	1	1	1	2	2	1	1	1	1	1	1	1	2	2	2	2	2	1	1	1	1	1	1	1
16	1	1	1	1	1	1	1	1	1	1	1	1	1	1	1	2	2	2	2	1	1	1	2	2	2	2	1	2	2	1	1	1	1	1	1	1	1	1	2	2	2	1	1	1	2	2	2	2	2	2	2	2	1	1	1	1	1	1	1	1	2	2	2	2	1	1	1	1	1	1	1	1	1	1	2	2	2	2	1	1	1	2	2	2	1	1	1	1	1	1	1
17	1	1	1	1	1	2	2	2	2	2	2	2	2	2	2	2	2	2	2	2	2	2	2	2	2	2	2	2	2	2	1	1	1	1	1	1	1	1	1	1	1	1	1	1	1	1	1	1	1	1	1	1	2	2	2	1	1	1	1	1	1	1	1	2	2	2	2	2	2	2	1	2	2	2	2	2	1	2	2	2	2	2	2	2	1	2	2	2	2	2	2
18	1	2	2	2	2	2	2	2	2	2	2	1	1	2	2	1	1	1	1	2	2	2	2	2	2	2	2	2	1	1	2	2	2	2	2	2	1	1	1	2	1	1	1	2	2	2	2	2	2	1	1	1	2	2	2	1	1	1	2	1	1	1	2	2	1	1	2	2	2	2	2	2	2	2	1	1	1	1	1	1	1	1	1	1	1	1	1	1	1	1	1
19	1	1	2	2	2	2	2	2	2	2	2	2	2	2	2	2	1	1	1	1	1	1	2	1	1	1	1	2	2	1	2	2	2	2	2	2	1	1	1	2	2	2	2	1	1	1	1	1	1	1	1	1	1	1	1	2	2	1	1	1	2	2	1	1	1	2	1	2	2	2	2	2	2	2	2	2	2	1	2	2	2	2	2	1	1	1	1	1	1	2	2
20	2	2	2	2	2	2	2	2	2	2	2	2	2	2	2	2	2	2	1	2	2	2	2	2	2	2	1	2	2	2	2	2	2	2	2	2	1	1	1	1	2	2	2	2	1	2	2	2	2	2	2	2	1	1	1	2	2	2	2	1	1	1	2	2	1	2	2	1	1	2	2	2	2	2	1	2	2	2	2	2	2	2	2	2	1	2	2	2	2	2	2
21	1	1	1	1	1	2	2	2	2	2	2	2	2	2	2	2	1	1	1	2	2	2	1	1	1	1	1	1	2	2	1	1	2	2	2	2	1	1	2	2	2	1	1	1	2	2	2	2	2	2	2	1	2	2	2	2	2	1	1	1	2	2	1	1	2	1	2	2	2	2	1	1	1	1	1	1	1	1	2	2	2	2	2	2	1	1	2	2	2	2	2
22	2	2	2	2	2	2	2	2	2	2	2	2	2	2	2	2	2	2	2	1	1	1	1	2	1	1	1	2	2	2	1	1	1	1	1	1	2	1	2	2	1	1	1	1	1	1	1	1	1	1	1	2	2	2	2	2	2	2	2	1	1	1	1	1	1	1	2	2	2	2	1	2	2	2	2	2	2	1	2	2	2	2	2	2	2	2	2	2	2	2	2
23	2	2	2	2	2	2	2	2	2	2	2	2	2	2	2	2	1	1	1	2	2	2	2	2	2	2	1	2	2	2	2	2	1	1	1	1	2	2	2	2	2	1	1	1	2	2	1	2	2	2	2	2	2	2	2	1	1	1	2	1	2	2	1	1	1	1	1	1	1	1	1	2	2	2	2	2	2	2	2	1	1	1	1	1	2	2	1	1	1	1	1
24	2	2	1	1	1	1	1	1	1	1	1	1	1	1	1	1	1	1	1	1	1	1	2	2	2	2	2	2	1	1	1	1	2	1	2	1	1	1	2	2	2	2	2	2	1	1	1	2	2	2	2	2	1	1	1	1	1	2	2	1	1	1	1	1	2	2	1	1	1	1	1	2	2	2	2	2	1	1	2	2	2	2	2	2	1	1	1	1	2	2	2
25	1	2	2	2	2	1	1	1	1	1	1	2	2	2	2	2	2	2	2	2	2	2	1	1	2	2	2	2	2	2	2	2	2	2	2	2	1	1	1	1	1	2	2	2	1	1	1	1	1	1	1	1	1	1	1	2	2	2	2	1	1	1	1	2	1	2	1	1	1	2	1	1	1	1	1	1	1	1	1	1	2	2	2	2	1	1	2	2	2	2	2
26	2	1	2	1	1	1	2	2	1	1	1	2	2	2	2	2	2	1	2	2	2	2	1	1	1	1	1	2	2	2	1	1	2	2	2	2	1	1	1	2	2	2	2	2	2	2	2	2	2	2	1	1	2	2	2	2	2	1	1	1	1	1	2	2	1	1	1	1	1	1	1	1	1	1	1	1	1	1	1	2	2	2	2	2	1	1	1	1	1	1	1
27	2	2	2	2	2	1	1	1	1	1	1	1	2	2	2	2	2	2	2	1	1	1	1	1	1	1	2	2	2	2	2	2	1	1	1	1	1	1	1	2	2	2	2	2	2	2	2	2	2	2	2	1	1	1	1	1	1	1	1	1	1	1	1	1	1	1	2	2	2	2	2	2	2	2	2	2	2	1	1	1	1	1	1	1	1	1	1	1	1	1	1
28	1	1	1	1	1	2	2	2	2	2	2	2	2	1	1	1	2	2	2	1	1	1	1	1	1	1	1	1	1	1	2	1	2	2	1	1	2	2	2	1	1	2	2	2	1	1	1	1	1	1	1	1	2	2	2	2	2	2	2	2	1	2	1	1	2	2	1	2	1	2	1	1	1	1	2	2	2	2	2	2	2	2	2	2	2	2	1	2	2	2	2
29	2	2	1	1	2	2	2	2	2	2	2	2	2	2	1	2	2	2	1	2	2	2	2	2	2	2	2	2	2	2	2	2	2	2	2	2	1	1	1	2	2	2	1	1	1	1	1	1	2	2	2	1	1	1	1	1	1	1	1	1	1	1	2	2	1	1	1	1	1	1	1	2	2	2	2	2	2	2	1	1	1	1	1	1	1	1	1	2	2	2	2
30	2	2	2	2	2	2	2	2	2	2	2	2	2	2	1	2	1	1	1	1	1	1	1	1	1	1	1	2	1	2	2	2	2	2	2	2	2	2	2	2	2	2	2	2	2	2	2	2	2	2	2	2	2	2	2	2	2	2	2	1	1	1	2	2	2	2	2	2	2	2	1	1	1	1	1	1	2	1	2	1	1	1	1	1	2	2	2	2	2	2	2
31	1	1	1	1	1	1	1	1	1	1	1	1	1	1	2	2	2	2	2	2	2	2	1	1	2	2	1	1	1	1	1	1	2	1	1	1	2	2	2	1	1	1	1	1	2	2	2	2	2	1	1	1	1	1	1	1	1	2	2	1	1	1	1	1	2	2	2	2	2	2	2	2	2	2	2	2	2	2	1	1	1	1	1	1	1	1	1	1	1	1	1
32	2	2	2	1	2	1	2	1	2	2	2	2	2	1	2	1	1	1	1	1	1	1	2	2	2	1	2	2	1	1	1	1	1	1	1	1	1	1	1	2	2	2	2	1	2	2	2	2	1	1	1	2	1	1	1	2	1	1	2	1	1	2	1	1	1	1	1	2	2	2	2	1	1	1	1	1	2	1	1	1	1	1	1	1	2	2	2	1	1	1	1
33	2	2	2	1	2	1	2	2	1	1	1	1	1	1	1	1	2	2	2	1	1	1	2	2	2	2	2	2	2	2	2	2	2	1	1	1	2	1	1	1	1	1	1	1	1	1	1	1	2	2	2	1	1	2	2	1	2	1	1	1	2	2	1	1	2	1	1	1	1	2	1	2	2	2	2	2	2	1	1	1	1	1	1	1	1	1	2	2	1	1	1
34	2	2	2	2	2	1	1	1	1	1	1	1	1	1	1	1	2	2	2	1	1	1	1	1	1	1	1	1	1	1	2	2	2	2	2	2	2	2	2	2	2	2	2	2	1	1	1	1	1	1	1	1	1	1	1	1	1	1	1	1	2	2	2	1	1	1	2	2	2	2	2	1	1	2	2	2	1	1	1	1	1	1	1	1	1	1	1	1	1	1	1
35	2	2	2	2	2	1	1	1	1	1	1	1	1	2	2	2	2	1	1	1	2	2	1	1	1	1	1	1	2	2	1	1	2	2	2	2	2	2	1	1	2	2	1	1	1	1	1	1	2	2	2	1	2	2	2	1	1	1	1	1	1	1	2	2	1	1	2	2	2	2	1	1	1	1	1	1	1	1	2	2	1	1	1	1	2	2	2	2	2	2	2
36	1	1	1	1	1	1	1	1	1	1	1	1	1	2	2	1	1	1	1	1	1	1	2	2	2	2	2	2	2	2	1	1	1	1	1	1	2	2	2	2	2	2	2	2	2	2	2	2	2	2	2	1	1	1	2	1	1	2	2	1	2	2	1	1	2	1	1	1	1	1	1	2	2	2	2	2	2	1	2	2	2	2	1	1	2	2	1	1	1	1	1
37	2	2	2	2	2	1	1	1	1	1	1	1	1	2	2	2	2	2	2	2	2	2	2	2	2	2	1	1	2	2	2	2	2	2	2	2	1	1	2	2	2	2	2	2	2	2	2	1	1	1	1	1	1	1	1	1	1	1	2	1	1	1	2	2	2	1	1	2	2	1	1	2	1	1	2	1	2	2	1	1	1	2	2	2	1	1	2	2	2	2	2
38	2	2	1	1	1	2	2	2	2	2	2	2	2	1	1	1	1	1	1	1	1	1	2	2	2	2	1	1	2	2	1	1	1	1	1	1	2	2	2	2	2	2	2	2	2	2	2	2	2	2	2	1	2	2	2	2	2	1	1	2	2	2	2	2	2	2	1	2	2	2	1	1	1	2	1	2	2	2	2	2	2	2	2	2	2	2	2	2	2	2	2
39	2	2	2	1	1	2	2	2	2	2	1	1	1	2	2	1	1	1	1	1	1	1	2	2	2	2	2	2	2	2	2	2	2	2	2	2	1	1	1	1	2	2	2	2	2	2	2	2	2	2	2	1	2	2	2	1	1	2	2	1	1	2	1	1	2	1	2	2	2	1	1	1	1	1	2	1	2	1	2	1	1	1	1	1	2	2	2	2	1	1	1
40	1	1	1	1	1	2	2	2	1	2	2	2	2	2	2	2	2	2	2	2	2	2	1	2	1	1	1	2	2	2	2	2	2	2	2	2	2	2	2	2	2	2	2	2	2	2	2	2	2	2	2	2	2	2	2	1	1	2	2	2	2	2	1	1	1	1	1	1	1	1	1	2	2	2	2	2	1	1	1	1	1	1	1	1	2	2	2	2	2	2	2
41	2	2	2	2	2	2	2	2	2	2	2	2	2	2	2	2	2	1	1	1	1	1	1	1	1	2	2	2	1	2	2	1	1	2	1	1	1	1	2	2	2	1	2	1	1	1	1	2	1	1	2	1	1	1	1	1	1	1	1	2	2	2	1	1	2	2	2	2	2	2	2	2	2	2	2	2	2	2	1	1	1	1	1	1	2	2	2	2	2	2	2
42	1	1	1	1	1	1	1	1	1	1	1	1	1	1	1	2	2	1	1	2	2	2	2	2	2	2	2	2	2	2	2	2	2	2	2	2	2	2	1	1	1	1	1	1	1	1	1	1	1	1	1	1	2	2	2	2	2	1	1	2	2	2	1	2	1	1	1	1	1	1	1	2	2	2	2	2	2	1	1	1	1	1	1	2	2	2	2	2	2	2	2
43	2	2	2	2	2	2	2	2	2	2	2	2	2	1	2	1	2	1	1	1	1	1	1	2	2	2	2	2	1	1	1	1	1	1	1	1	1	1	1	1	1	1	1	1	2	2	2	2	2	2	2	2	1	1	1	2	2	1	1	1	1	1	1	1	1	1	1	2	2	2	2	2	2	2	2	2	2	2	1	1	1	2	2	2	1	1	2	2	2	2	2
44	2	2	2	2	2	2	2	2	2	2	2	2	2	2	2	2	2	1	1	1	1	2	1	1	1	1	1	2	2	2	2	2	2	1	2	2	1	1	1	1	1	1	1	1	1	1	1	1	2	2	2	2	1	1	1	2	2	1	1	1	1	1	2	2	1	1	1	2	2	2	2	2	2	2	2	2	2	2	2	1	2	1	1	2	1	1	1	1	1	1	1
45	2	2	2	2	2	2	2	2	2	2	2	2	2	2	2	2	2	2	2	2	1	1	2	2	2	2	2	2	2	2	1	1	2	2	2	2	1	1	1	1	1	1	1	1	1	1	1	2	2	2	2	2	1	1	1	1	1	1	1	1	1	1	1	1	1	1	2	2	2	2	1	1	1	1	1	1	1	1	2	2	1	1	1	1	1	1	1	1	2	2	2
46	2	2	2	2	2	2	2	2	2	2	2	2	2	2	2	2	2	2	1	2	1	1	1	1	1	1	1	2	2	2	2	2	2	2	2	2	2	2	1	2	2	1	1	1	1	1	1	1	1	1	1	2	2	2	2	2	2	1	1	1	2	2	1	1	2	1	2	2	2	1	1	2	2	2	2	2	1	1	1	2	2	2	2	2	2	2	1	1	1	1	1
47	1	1	1	1	1	2	2	2	1	1	1	1	1	2	2	2	2	2	2	2	2	2	2	2	2	2	2	2	1	1	1	1	2	1	2	1	2	2	2	1	1	2	2	2	1	1	1	1	1	2	2	1	1	1	1	2	2	2	2	1	1	1	1	1	2	2	1	1	1	1	1	2	2	2	2	2	2	2	1	1	1	1	1	1	1	1	1	1	1	1	1
48	2	1	1	1	1	2	2	2	2	2	2	2	2	2	2	2	2	1	1	1	1	1	2	1	1	1	1	1	1	1	1	1	1	1	1	1	1	2	1	2	2	2	2	1	2	2	2	1	1	1	1	2	1	1	1	1	2	2	2	1	1	1	1	2	2	2	1	1	1	1	1	2	2	2	2	2	2	2	2	1	1	1	1	1	2	2	1	1	2	2	2
49	2	2	1	2	2	1	1	1	1	1	1	1	1	2	2	2	2	2	2	1	1	1	1	1	1	1	1	1	1	1	1	1	2	2	2	2	1	1	1	1	1	2	2	2	2	2	2	2	2	2	2	2	2	2	2	2	2	1	1	1	1	1	1	1	2	2	1	1	1	1	2	1	1	1	2	2	1	2	1	2	2	2	2	2	1	1	1	1	2	2	2
50	2	2	2	2	2	2	2	2	2	2	2	2	2	2	2	2	2	2	1	1	1	1	2	2	2	2	2	2	2	2	2	2	1	1	1	1	1	1	2	2	2	2	2	2	2	2	2	2	2	1	1	1	1	1	1	1	1	1	1	1	2	2	1	1	2	2	2	1	1	1	1	1	1	1	1	1	2	2	1	2	2	2	2	2	2	2	2	2	2	2	2
51	2	2	2	2	2	2	2	2	2	2	2	2	2	2	2	1	1	1	1	2	2	2	2	2	2	2	2	2	2	2	1	1	1	1	1	1	2	1	1	2	2	2	1	1	1	1	2	2	2	2	2	2	2	2	2	1	1	2	2	1	2	2	1	1	2	2	1	1	1	1	1	2	2	2	2	2	2	2	2	2	2	2	2	2	1	1	1	1	1	1	1
52	1	1	2	2	2	1	1	1	1	1	1	1	1	1	1	2	2	2	2	2	2	2	1	1	1	1	1	1	1	1	1	1	2	2	2	2	2	2	2	2	2	2	2	2	2	1	1	1	1	1	1	1	1	1	1	1	1	1	1	1	1	1	2	2	2	1	2	2	2	2	2	2	2	2	2	2	2	1	1	2	2	2	2	2	1	1	1	1	1	1	1
53	2	2	1	1	1	1	1	1	1	1	1	1	1	1	1	2	1	1	1	1	2	2	2	2	2	2	1	1	1	1	1	1	1	1	1	1	2	2	2	1	1	1	1	1	1	1	1	1	1	1	1	1	2	2	2	2	2	1	1	1	2	2	2	2	2	2	2	2	2	2	2	2	2	2	2	2	2	2	2	2	2	2	2	2	1	1	1	1	1	1	1
54	2	2	2	2	2	2	2	2	2	2	2	2	2	2	2	2	1	1	1	1	1	1	2	2	1	1	1	1	1	1	1	1	1	1	1	1	2	2	2	1	1	2	2	2	2	2	2	2	2	2	2	1	2	2	2	2	2	1	1	1	2	2	2	2	2	1	1	1	1	1	2	2	2	2	2	2	2	1	2	2	1	2	2	2	1	1	1	1	1	1	1
55	1	1	1	1	1	1	1	1	1	1	1	1	1	1	1	2	2	2	2	2	1	1	2	2	2	2	2	2	2	2	2	2	2	2	2	2	1	1	1	1	1	1	1	1	1	1	1	1	1	1	1	1	2	2	2	2	2	2	2	1	2	2	2	2	2	2	1	1	1	1	1	2	2	2	1	1	2	1	1	1	1	1	1	1	2	2	2	1	1	1	1
56	2	2	2	2	2	1	1	1	1	1	1	1	1	2	2	2	2	2	2	2	2	2	2	2	2	2	1	1	1	1	1	1	1	1	1	1	2	2	2	2	2	2	2	2	2	1	1	1	1	1	1	1	1	1	1	2	2	2	2	1	1	1	1	1	1	1	2	1	1	2	2	1	2	2	2	2	1	1	1	1	1	1	1	1	1	2	2	2	2	2	2
57	1	1	1	1	1	1	1	1	1	1	1	1	1	1	1	2	2	1	1	2	2	1	2	2	1	1	1	2	2	2	2	2	2	1	1	1	1	1	2	1	2	2	2	2	2	2	2	2	2	2	2	2	1	2	2	2	2	1	1	1	1	1	2	2	1	1	1	1	1	1	1	1	1	1	1	1	2	2	1	1	1	1	1	1	2	1	2	2	2	2	2
58	2	2	2	2	2	2	2	2	2	2	2	2	2	2	2	2	2	2	2	1	1	1	2	2	2	2	2	1	1	1	1	1	1	1	1	1	1	1	2	2	2	2	2	2	2	2	2	2	2	2	2	2	2	2	2	2	2	2	2	1	1	1	2	2	2	2	1	1	1	1	1	2	2	2	2	2	1	2	1	1	1	1	1	1	1	1	1	1	1	1	1
59	2	2	2	2	2	1	1	1	1	1	1	1	1	2	2	2	1	1	1	1	1	1	2	2	2	2	2	2	1	1	1	1	1	1	1	1	1	1	1	1	1	1	1	1	1	1	1	1	1	2	2	2	1	1	1	1	2	1	1	1	1	1	2	2	1	1	1	1	1	2	2	1	1	1	1	1	2	1	1	1	1	1	1	1	2	2	2	2	2	2	2
60	2	2	2	1	1	1	1	1	1	1	1	1	1	2	2	2	2	2	1	1	1	2	2	2	2	2	2	2	1	1	1	1	1	1	1	1	2	2	1	1	1	1	1	1	1	1	1	2	2	2	2	1	2	2	2	2	2	2	2	1	1	1	1	1	1	1	2	2	2	2	2	1	1	1	1	2	1	1	2	2	2	2	2	2	1	1	1	2	1	2	2
61	1	1	1	1	1	1	1	1	1	1	1	1	1	1	1	2	2	2	2	2	2	2	2	2	1	1	1	2	2	2	2	2	2	2	2	1	1	1	2	2	2	2	2	2	2	2	2	2	2	2	2	2	2	2	2	2	2	1	1	1	1	1	2	2	1	1	1	1	1	1	1	1	1	1	1	1	2	2	1	1	1	1	1	1	2	1	2	2	2	2	2
62	1	1	1	1	1	2	2	2	2	2	2	2	2	2	2	2	1	1	1	2	2	2	1	1	1	1	1	2	2	2	2	2	2	2	2	2	1	1	1	1	1	1	1	1	1	1	1	1	1	1	1	1	2	2	2	2	1	1	1	1	2	2	1	2	2	2	1	1	1	1	1	2	2	2	2	2	2	1	1	1	1	1	1	2	2	2	2	1	1	1	1
63	1	1	1	1	2	2	2	2	2	2	2	2	2	2	2	2	2	2	2	1	1	1	2	2	1	1	1	1	1	1	2	2	2	2	2	2	2	2	1	1	1	1	1	1	1	1	1	1	1	1	1	2	1	1	1	1	2	2	2	1	1	1	1	1	1	1	2	2	2	2	1	2	2	2	2	1	1	1	2	2	2	2	2	2	1	1	1	1	1	1	1
64	1	1	1	1	1	1	1	1	1	1	1	1	1	1	1	1	1	1	1	1	1	1	1	1	2	2	1	1	2	2	2	2	2	2	2	2	2	2	2	2	2	2	2	2	1	1	1	1	1	1	1	2	2	2	2	2	2	2	2	1	1	1	1	2	1	1	1	1	2	1	1	1	2	2	2	2	2	2	1	1	1	1	1	1	2	2	2	2	1	1	1
65	1	1	2	1	1	1	1	1	1	1	1	1	1	1	1	1	2	2	2	2	2	2	2	2	2	2	2	2	2	2	2	2	2	2	2	2	1	2	2	2	2	2	2	2	2	2	2	2	2	2	2	2	2	2	2	2	2	2	2	1	1	1	2	2	1	1	2	1	1	1	1	1	1	1	1	1	1	1	2	2	2	1	1	1	1	1	1	1	1	1	1
66	1	2	2	2	2	2	2	2	2	2	2	2	2	1	1	1	1	1	1	2	2	2	2	1	1	1	1	1	1	1	1	1	1	1	1	1	2	2	2	2	2	2	2	2	2	2	2	2	2	2	2	2	2	2	2	2	2	1	1	1	1	1	2	2	1	1	1	1	1	1	1	2	2	1	1	1	1	2	1	1	1	1	1	1	2	2	2	2	2	2	2
67	1	1	1	1	1	1	1	1	1	1	1	1	1	1	1	1	1	1	1	1	1	1	1	2	2	2	1	1	2	2	2	2	2	2	2	2	1	2	2	2	2	2	2	2	2	2	2	2	2	2	2	2	2	1	1	2	1	2	2	1	1	1	1	1	1	1	1	1	1	1	1	2	2	2	2	2	1	2	1	1	1	1	1	1	2	2	2	2	2	2	2
68	1	1	1	1	1	1	1	1	1	1	1	1	1	1	1	1	2	2	2	1	1	1	2	1	1	1	1	2	2	2	2	2	2	2	2	2	2	2	2	2	2	2	2	2	2	2	2	1	1	1	1	1	1	1	1	1	1	1	1	1	1	1	1	1	2	2	2	2	2	1	1	1	2	2	2	1	1	1	1	1	2	2	2	2	1	2	2	2	2	2	2
69	1	1	1	1	1	2	2	2	2	2	2	2	2	2	2	2	2	2	1	2	2	2	2	2	2	2	2	2	2	2	1	1	1	2	2	1	2	2	2	2	2	2	2	2	2	2	2	2	1	1	1	1	2	2	2	2	1	2	2	1	1	1	1	1	1	1	2	1	1	1	1	2	2	2	2	1	1	1	2	2	2	2	1	1	2	2	2	2	2	2	2
70	2	2	2	2	2	2	2	2	2	2	2	2	2	1	1	1	2	2	2	1	1	1	2	2	2	2	2	2	2	1	1	1	1	1	1	1	1	1	2	1	1	1	1	2	1	1	1	1	1	1	1	1	1	1	1	2	2	1	1	1	1	2	2	2	1	1	1	1	1	1	1	1	1	1	1	1	2	1	1	1	1	1	1	1	2	1	1	1	1	1	1
71	1	1	1	1	1	1	1	1	1	1	1	1	1	1	1	1	1	1	1	1	1	1	1	1	2	2	1	1	2	2	2	2	2	2	2	2	1	2	2	2	2	2	2	2	2	2	2	2	2	2	2	2	2	1	1	2	2	2	2	1	1	1	1	1	1	1	1	1	1	1	1	2	2	2	2	2	1	2	1	1	1	1	1	1	2	2	2	2	2	2	2
72	2	2	1	1	1	1	1	1	1	1	1	1	1	1	1	1	1	1	2	2	2	2	2	2	1	1	2	2	2	2	2	2	2	2	2	2	1	1	1	2	2	2	2	2	1	1	1	1	1	1	1	1	1	1	1	1	2	1	1	1	2	2	2	2	1	1	2	2	2	2	2	1	1	1	1	1	2	2	1	1	1	1	2	2	1	1	2	2	2	2	2
73	2	2	1	1	1	1	1	1	1	1	1	1	1	1	2	2	2	2	2	1	1	1	2	2	2	2	2	2	2	2	2	2	2	2	2	2	1	1	2	1	1	2	2	2	1	1	1	1	1	1	1	1	2	2	2	2	2	2	2	1	1	1	2	2	2	1	1	1	1	1	1	2	2	2	2	2	1	1	1	1	1	1	1	1	1	2	1	2	2	2	2
74	2	2	2	2	2	1	1	1	1	1	1	1	1	1	1	1	2	2	1	2	2	2	2	2	2	2	1	1	1	1	1	1	1	1	1	1	2	2	2	2	2	1	1	1	1	1	2	2	1	2	2	1	1	2	2	2	2	1	1	1	1	2	1	1	1	1	1	2	2	2	2	2	2	2	2	1	1	1	2	2	2	2	2	2	1	1	1	1	1	1	1
75	2	2	1	1	1	1	1	1	1	1	1	1	1	1	1	1	1	1	1	1	1	1	1	1	1	1	1	1	1	1	1	1	1	1	1	1	2	1	1	1	1	1	2	2	2	2	2	2	1	2	2	2	2	2	2	2	2	2	2	1	1	1	1	1	1	1	2	2	2	2	2	2	2	2	2	1	2	1	2	2	2	2	2	2	2	2	1	1	1	1	1
76	2	2	2	2	2	2	2	2	1	1	1	1	1	2	2	2	2	2	2	2	2	2	2	1	2	2	2	2	2	2	2	2	1	1	1	1	1	1	2	1	2	2	2	2	2	2	2	2	1	2	2	2	2	2	2	2	2	2	2	1	1	1	1	1	1	1	2	1	1	2	2	1	1	1	1	1	1	1	2	1	1	1	1	2	2	2	1	1	1	1	1
77	1	1	1	1	1	1	1	1	1	1	1	1	1	1	1	1	1	1	1	2	2	2	2	1	1	1	1	1	1	1	1	1	1	1	1	1	2	2	2	1	1	1	1	2	2	2	2	2	1	1	1	1	2	2	2	2	2	1	1	1	1	2	1	1	2	2	2	2	2	2	1	2	2	2	2	1	1	2	2	2	1	1	1	1	1	1	1	1	1	1	1
78	2	2	2	2	2	2	2	2	2	2	2	2	2	2	2	2	2	2	2	2	2	2	2	2	2	2	1	1	1	1	1	1	1	2	2	2	2	2	2	2	2	2	2	1	2	2	2	2	1	2	2	2	1	1	1	1	2	2	2	1	1	1	2	1	2	1	1	1	1	1	1	1	1	1	2	2	2	1	2	2	1	1	1	1	1	1	1	1	1	1	1
79	1	1	1	1	1	2	2	2	2	2	2	1	2	2	2	2	1	1	1	1	1	1	1	1	2	2	2	2	1	2	1	1	1	1	1	1	1	1	1	2	2	2	2	2	2	2	2	2	2	2	2	1	1	1	1	2	2	1	1	1	2	2	2	2	2	2	1	2	2	2	2	1	1	1	1	1	1	1	1	1	1	1	1	1	1	1	1	1	1	1	1
80	2	1	2	2	2	2	2	2	2	2	2	2	2	1	2	2	1	1	1	1	1	1	2	2	1	2	1	2	2	2	1	1	1	2	1	1	1	1	2	2	2	2	2	1	1	1	1	1	1	1	1	1	1	1	1	2	1	1	1	1	2	2	2	2	2	2	1	1	1	1	1	2	2	2	2	2	1	1	2	1	1	1	2	2	2	2	1	1	1	1	1
81	1	1	1	1	1	1	1	1	1	1	1	1	2	2	2	2	1	1	1	2	2	2	1	2	2	2	2	2	2	1	1	1	1	2	1	1	1	1	1	2	2	2	2	2	2	2	2	2	2	1	2	2	2	2	2	1	1	1	1	1	2	2	1	1	1	1	1	1	1	2	2	1	1	1	1	1	1	1	1	1	1	1	1	1	1	1	1	1	1	1	1
82	2	2	2	2	2	1	1	1	1	1	1	1	1	1	1	1	1	1	1	2	2	2	2	2	1	1	1	1	1	1	2	2	2	2	2	2	2	2	1	2	2	2	2	1	1	1	1	1	1	1	1	1	2	1	1	1	1	1	1	1	1	1	2	2	1	1	1	1	1	1	1	1	1	1	1	1	1	1	1	1	1	2	2	2	1	1	1	1	1	1	1
83	2	2	2	2	2	1	1	1	1	1	1	1	1	1	1	1	2	2	2	2	2	2	2	2	2	2	2	2	1	1	1	1	1	1	1	1	2	2	2	2	2	2	2	2	2	2	2	2	2	2	2	1	1	1	2	1	2	2	1	1	1	1	2	1	1	1	1	1	1	1	1	1	1	1	1	1	1	1	2	2	1	1	1	1	1	1	1	2	2	2	2
84	2	2	2	1	1	2	2	2	1	2	2	1	2	2	2	2	2	2	2	2	1	1	2	2	2	2	2	2	2	1	1	1	1	1	1	1	1	1	2	2	2	2	2	2	2	2	2	2	2	2	2	2	1	1	1	1	1	1	1	1	1	1	1	1	2	2	1	1	1	1	1	2	2	2	2	2	2	1	1	1	1	1	1	1	1	1	1	1	1	1	1
85	1	1	1	1	1	1	1	1	1	1	1	1	1	1	1	1	1	1	2	1	1	1	2	2	2	2	2	2	1	1	2	2	2	2	2	2	1	1	2	1	1	1	1	1	1	1	1	1	1	1	1	1	1	1	1	1	1	1	1	1	1	1	1	1	2	2	2	2	2	2	1	2	2	2	2	1	1	1	1	1	1	1	1	1	1	1	1	1	2	2	2
86	2	2	1	2	2	2	2	2	2	2	2	1	2	2	2	2	2	2	2	1	1	1	1	1	1	1	1	2	2	2	2	2	2	2	2	2	2	2	1	1	1	1	2	2	1	1	1	1	1	1	1	1	1	1	1	1	1	1	1	1	2	2	1	1	1	1	1	1	1	1	1	1	1	1	1	2	2	1	1	1	1	1	1	1	1	1	1	1	1	1	1
87	1	2	1	1	1	1	1	1	1	1	1	1	2	2	2	2	2	2	2	1	1	1	1	2	1	1	2	1	1	1	1	1	1	1	1	1	2	2	2	2	1	1	1	1	1	1	1	1	2	1	2	2	1	1	2	2	1	1	1	1	1	1	1	2	2	1	1	1	1	1	1	2	2	2	2	1	2	1	2	1	2	2	1	2	1	2	1	1	1	1	1
88	2	1	2	2	2	1	2	1	1	2	1	1	2	2	2	2	2	2	2	2	1	1	2	2	2	2	2	2	1	1	1	1	1	1	1	1	2	2	1	1	1	1	1	1	1	1	1	1	1	1	1	1	1	1	2	1	1	1	1	2	2	2	2	1	1	2	2	2	1	1	1	2	2	1	2	1	1	2	1	2	1	1	1	1	2	2	2	2	2	2	2
89	2	2	2	2	2	2	2	2	1	2	2	2	2	2	2	2	2	2	2	2	2	1	1	2	2	2	2	2	1	1	1	1	1	1	1	1	1	1	1	1	1	2	1	1	1	1	1	1	1	1	1	2	1	2	2	1	1	1	1	1	2	2	1	1	1	1	2	2	2	2	2	1	1	1	1	1	1	1	1	2	1	1	1	1	1	2	1	1	1	2	2
90	2	2	1	1	1	2	2	2	2	2	2	1	1	2	2	2	2	2	2	1	1	1	2	2	2	2	1	1	2	2	2	2	2	2	2	2	1	1	1	2	2	2	2	1	1	1	1	1	1	1	1	1	2	2	2	2	2	2	2	1	1	1	1	1	2	2	1	1	1	2	2	2	2	2	2	2	1	1	2	2	1	2	2	2	1	1	1	2	2	2	2
91	2	2	2	2	2	1	1	1	1	1	1	1	1	1	1	1	1	1	1	1	1	1	2	2	2	2	2	1	1	1	1	2	2	2	2	2	1	1	2	2	2	2	2	2	2	2	2	2	2	2	2	2	2	2	1	2	2	1	1	2	2	2	1	1	1	1	2	2	2	2	2	2	2	2	2	1	1	1	2	1	1	2	2	1	2	2	1	1	1	1	1
92	2	1	1	1	1	1	1	1	1	1	1	1	1	1	1	1	1	1	1	2	2	2	1	1	1	1	1	1	1	1	2	1	1	1	1	1	1	1	1	1	1	1	1	1	1	1	2	2	2	2	2	1	1	1	1	1	1	1	1	2	2	2	1	1	1	1	1	1	1	1	1	2	2	2	1	1	2	1	2	1	1	1	1	1	1	1	1	1	1	1	1
93	1	1	1	1	1	2	2	2	1	2	2	2	2	2	2	2	2	2	1	1	1	1	1	1	1	1	1	1	2	2	2	2	2	2	2	2	2	2	2	1	1	1	1	1	1	1	1	1	1	1	1	1	1	1	1	2	1	2	2	2	1	1	2	2	1	1	2	2	2	2	1	2	2	2	2	1	1	1	2	1	1	1	1	1	1	1	1	1	1	1	1
94	1	1	1	1	1	2	2	2	2	2	2	2	1	2	2	2	2	2	2	2	2	2	1	2	1	1	1	2	2	2	2	2	2	2	2	2	1	1	1	1	2	2	2	2	1	1	1	1	1	1	1	1	1	1	1	1	1	1	1	1	1	1	1	1	1	1	1	1	1	2	1	2	2	2	2	2	2	1	1	2	2	2	2	2	2	1	1	1	1	1	1
95	2	1	1	1	1	1	1	1	1	1	1	1	1	1	1	1	2	1	1	2	1	2	2	2	2	2	2	1	1	1	1	1	2	2	2	2	1	1	1	1	1	2	2	2	2	2	2	2	2	2	2	2	2	2	2	1	2	2	2	1	2	2	2	2	1	1	1	1	1	1	1	2	2	2	2	1	1	1	1	2	2	2	2	2	1	1	2	2	2	2	2
96	2	2	1	1	1	1	1	1	1	1	1	1	1	2	2	2	1	1	1	1	1	1	1	1	2	2	1	1	1	1	1	1	2	2	1	1	2	2	2	1	1	1	2	2	2	2	2	2	2	2	2	2	1	1	1	1	1	2	2	1	1	1	1	1	1	1	2	2	2	2	2	2	2	1	1	1	1	1	1	1	1	2	1	1	2	2	1	1	1	1	1
97	2	2	1	1	1	1	1	1	1	1	1	1	1	1	1	2	2	2	2	2	2	2	2	2	1	1	1	1	2	2	2	2	2	2	2	2	1	1	1	1	1	1	1	1	1	1	1	1	1	1	1	1	1	1	1	1	1	1	1	1	1	2	2	2	2	1	1	1	1	1	1	1	1	1	1	2	1	1	2	1	1	1	1	1	2	2	2	2	2	2	2
98	2	2	1	2	2	2	2	2	2	1	2	2	2	2	2	1	2	2	2	2	2	2	2	2	2	2	2	2	1	1	1	1	2	2	2	2	1	1	1	1	1	1	1	1	1	1	1	1	2	2	2	2	1	1	1	1	1	1	1	1	1	1	1	1	1	1	1	1	1	1	1	2	2	2	2	2	2	2	1	2	2	1	1	1	1	1	1	1	1	1	1
99	1	1	1	1	1	2	2	2	1	2	2	2	2	1	1	1	2	2	2	1	1	1	1	1	2	2	2	2	2	1	2	2	2	2	2	2	2	2	2	2	2	2	1	1	1	1	1	1	2	1	1	1	2	1	2	1	1	1	1	1	1	2	2	2	1	1	1	1	1	1	1	1	1	1	1	2	2	2	1	1	1	2	2	2	1	1	1	1	1	1	1
100	1	1	1	1	2	2	2	2	2	2	2	1	1	2	2	2	1	1	1	1	1	1	2	2	2	2	2	1	1	1	1	1	1	1	1	1	2	2	2	2	2	1	1	1	1	1	1	1	1	1	1	1	2	1	2	1	1	1	1	1	1	1	2	2	2	2	2	1	1	2	2	2	2	2	2	2	1	1	1	1	1	1	1	1	2	2	1	1	1	1	1
101	1	2	1	1	1	2	2	2	2	2	2	2	2	1	1	1	1	1	1	2	2	1	1	1	1	1	1	1	1	1	1	1	1	1	1	1	2	2	2	2	2	2	2	2	2	2	2	2	2	2	2	2	2	2	2	1	2	1	1	1	1	1	2	2	1	1	1	1	1	1	1	2	2	2	1	1	2	1	1	1	1	1	1	1	1	1	1	1	1	1	1
102	2	2	2	2	2	2	2	2	2	2	2	2	2	2	2	2	2	2	1	2	2	2	1	1	1	1	1	1	1	2	2	2	2	1	1	1	1	1	1	1	1	1	2	2	2	2	1	2	2	2	2	2	1	1	1	1	2	2	2	2	2	2	1	1	1	1	2	1	1	1	1	2	2	2	2	1	1	2	1	1	1	1	1	1	2	2	2	2	2	2	2
103	1	1	1	1	1	2	2	2	2	2	2	2	2	1	1	1	1	1	1	2	2	2	1	1	1	1	2	2	2	2	2	2	2	2	2	2	1	1	1	1	1	1	1	2	1	1	2	2	2	2	2	2	2	2	2	1	2	2	2	1	1	1	1	1	1	1	1	1	1	2	1	1	1	1	1	1	1	1	1	2	2	2	2	2	2	2	1	1	1	1	2
104	1	1	2	2	2	2	2	2	2	2	2	2	2	2	2	2	1	1	1	2	2	1	1	1	1	1	1	1	2	2	1	1	2	2	2	2	1	1	1	1	1	2	2	2	2	2	2	2	2	2	2	2	2	2	2	1	1	1	1	2	1	2	2	1	2	2	1	1	1	1	2	2	2	2	2	2	1	2	2	2	2	2	2	2	1	1	1	1	1	1	1
105	2	2	2	2	2	2	2	2	2	2	2	2	2	2	2	1	1	1	1	1	1	1	1	1	2	2	2	2	2	2	2	2	2	2	2	2	1	1	1	1	1	1	1	1	1	1	1	1	1	1	1	2	2	2	2	1	1	1	1	1	1	2	1	1	2	2	1	2	2	2	2	2	2	2	2	2	2	1	2	1	1	1	1	1	2	1	2	2	2	2	2
106	1	1	2	2	2	1	2	2	2	2	2	2	2	2	2	1	1	1	1	1	1	1	2	2	2	2	1	1	1	1	1	1	2	2	2	2	2	2	2	1	1	2	2	2	1	1	1	1	2	1	1	1	2	2	2	1	2	2	1	1	1	1	1	1	1	1	1	1	1	2	2	2	2	2	2	1	1	1	1	1	1	1	2	1	1	1	1	1	1	1	1
107	2	1	2	2	2	1	1	1	1	1	1	1	1	2	2	2	1	1	1	2	2	2	2	2	2	2	2	2	1	1	2	1	2	1	1	1	1	1	1	1	1	1	1	1	2	2	2	2	1	2	2	2	2	2	2	1	1	2	2	1	1	1	1	1	1	1	2	1	1	1	1	1	1	1	2	2	2	2	1	1	1	1	1	1	2	2	2	2	1	1	1
108	2	2	1	2	2	1	1	1	1	1	1	1	1	2	2	1	1	1	1	2	2	1	2	2	2	2	1	1	2	2	2	2	2	2	2	2	1	1	1	2	2	2	2	2	1	1	1	1	1	1	1	1	2	2	2	2	2	1	1	2	1	2	1	2	2	2	2	2	2	2	1	1	1	1	1	2	2	2	2	1	1	1	1	1	1	1	1	1	1	1	1
109	1	1	1	1	1	1	1	1	1	1	1	1	1	2	2	1	1	1	1	1	1	2	1	1	1	1	1	1	2	2	2	2	2	2	2	2	2	2	2	1	1	1	1	1	1	1	1	1	2	2	2	2	2	2	2	1	1	1	1	2	1	2	2	2	2	2	2	1	1	1	1	2	2	2	1	2	1	1	1	1	1	1	1	1	2	2	2	2	2	2	2
110	2	2	1	2	2	2	2	2	2	2	2	1	2	1	1	1	1	1	1	2	2	2	1	2	2	2	2	2	1	1	1	1	1	1	1	1	1	1	2	1	1	1	2	2	2	2	1	2	2	2	2	2	1	1	1	1	2	2	2	1	2	2	1	1	2	1	2	1	1	1	1	2	2	2	2	2	2	1	2	2	2	2	1	1	1	1	1	1	1	1	1
111	1	2	1	1	1	1	1	1	1	1	1	1	1	1	1	1	1	1	1	2	2	2	2	2	2	2	1	1	1	1	1	1	1	1	1	1	2	2	2	2	2	2	2	2	2	2	1	2	2	1	1	1	2	2	2	2	2	2	1	2	1	1	2	2	2	2	2	2	1	1	2	1	1	1	1	1	1	1	2	2	2	2	2	2	2	1	2	2	2	2	2
112	2	1	1	1	1	1	1	1	1	1	1	1	1	2	2	2	2	1	2	2	2	1	2	2	2	2	2	1	1	1	1	1	1	1	1	1	1	1	1	2	2	2	2	2	2	2	2	2	2	2	2	2	2	2	2	2	2	1	1	2	1	2	2	2	1	1	2	2	2	1	1	2	2	2	1	2	2	2	2	1	1	1	1	1	1	1	1	1	1	1	1
113	1	1	1	1	1	1	1	1	1	1	1	1	1	1	1	1	1	1	1	1	2	1	1	2	1	1	1	1	1	1	2	2	2	2	2	2	1	1	2	1	1	1	1	1	2	2	2	1	1	1	1	1	2	2	2	1	1	1	1	2	1	2	1	1	1	1	2	2	2	2	2	2	2	2	2	2	1	1	1	1	1	1	1	1	2	2	2	2	2	2	2
114	1	1	1	1	1	1	1	1	1	1	1	1	1	1	1	1	1	1	1	1	2	2	1	1	1	1	1	1	1	1	1	1	1	1	1	1	1	1	1	1	1	2	1	1	1	1	1	2	1	1	1	1	2	1	2	1	2	1	1	1	1	1	2	1	2	1	2	2	2	2	2	2	2	2	2	2	1	1	2	2	2	2	1	2	2	2	2	2	2	2	2
115	2	1	1	1	1	2	2	2	2	2	2	2	2	2	2	2	1	1	1	1	2	1	1	1	1	1	1	1	1	1	1	1	1	1	1	1	2	2	2	2	2	2	2	2	1	1	1	1	1	1	1	1	1	1	1	1	1	1	1	1	1	1	2	2	1	1	2	2	1	2	1	2	2	2	2	1	1	1	1	1	1	1	1	1	1	1	1	1	1	1	1
116	1	1	1	1	1	1	1	1	1	1	1	1	1	1	1	1	1	1	1	1	1	1	1	1	1	1	1	1	1	1	1	1	1	1	1	1	1	1	1	1	1	1	1	1	1	1	1	1	1	1	1	1	1	1	1	1	1	1	1	1	1	1	1	1	1	1	1	1	1	1	1	1	1	1	1	1	1	1	1	1	1	1	1	1	1	1	1	1	1	1	1
117	2	2	1	2	2	2	2	2	2	2	2	2	2	2	1	1	1	1	2	2	2	2	2	2	1	1	1	1	1	1	1	1	2	2	2	2	2	2	1	1	2	2	2	2	1	2	2	2	2	2	2	2	2	2	2	2	2	2	2	1	1	1	1	1	1	1	2	2	2	1	1	2	2	2	2	2	2	1	2	2	2	2	2	2	2	1	1	2	2	2	2
118	2	2	1	1	1	2	2	2	2	2	2	1	1	2	2	2	2	2	1	1	1	1	1	1	1	1	1	1	2	2	2	2	1	1	1	1	2	1	1	1	2	2	2	2	2	2	1	2	2	2	2	1	1	1	1	1	1	1	1	1	1	2	1	1	1	1	2	2	2	2	2	2	2	2	2	2	2	2	1	1	1	1	1	1	2	2	2	1	1	1	1
119	1	1	1	1	1	2	2	2	2	1	2	2	2	2	2	2	2	2	1	2	2	2	2	2	2	2	1	2	2	2	1	1	1	1	1	1	1	1	1	2	1	1	1	1	1	1	1	1	1	1	1	1	2	2	2	2	2	2	2	1	1	1	1	1	1	1	1	1	1	1	1	2	2	1	2	2	2	1	2	2	2	1	1	2	1	1	1	1	2	2	2
120	1	1	2	2	2	2	2	2	2	2	2	2	2	2	2	2	2	1	2	1	1	1	1	1	1	1	1	1	2	2	2	2	2	2	2	2	2	2	2	1	1	1	1	1	1	1	1	1	1	1	1	1	2	1	2	1	1	1	1	1	1	2	2	2	2	2	1	1	1	1	1	2	2	2	2	2	2	1	2	2	2	2	2	2	1	1	1	1	1	1	1
121	2	1	2	2	2	2	2	2	2	2	2	2	2	2	2	1	1	1	1	2	2	2	2	2	2	2	2	1	1	1	1	1	1	1	1	1	1	1	1	1	1	1	1	1	1	1	1	1	2	2	2	2	2	2	2	1	1	1	1	2	2	2	2	2	1	1	1	1	1	1	1	2	2	2	2	2	1	1	1	2	2	1	1	1	1	1	2	2	2	2	2
122	1	1	2	2	2	2	2	2	2	2	2	2	2	2	2	1	1	1	1	2	2	2	1	1	1	1	1	1	1	1	1	1	2	2	2	2	2	2	1	2	2	2	1	2	1	1	1	1	1	1	1	1	1	1	1	1	1	2	2	1	2	1	2	2	2	2	2	2	2	2	1	1	1	1	1	2	2	1	1	1	1	1	1	1	1	1	2	2	2	2	2
123	2	2	1	2	2	1	1	1	1	1	1	2	2	1	1	1	1	1	1	2	2	2	2	1	2	2	1	1	1	1	2	2	2	1	1	1	2	2	2	2	2	2	2	2	1	1	1	1	1	1	1	1	2	2	2	1	1	2	1	1	2	2	1	2	1	1	1	1	1	1	1	1	1	1	1	1	1	2	2	2	2	2	2	2	1	1	1	1	1	1	1
124	1	1	1	2	2	2	2	2	2	2	2	1	2	2	2	2	2	1	1	2	2	2	1	2	2	2	2	2	2	1	1	1	1	2	1	1	1	1	1	2	2	2	2	2	2	1	1	2	2	1	2	1	2	1	2	2	2	2	1	2	2	2	1	2	2	2	1	1	1	1	1	2	2	2	2	2	1	1	1	1	1	1	1	1	1	2	2	2	1	2	1
125	1	1	1	2	2	2	2	2	2	2	2	2	2	1	1	1	1	1	1	1	1	1	1	1	1	1	1	2	2	2	2	2	2	2	1	1	2	2	1	1	1	1	1	1	1	1	1	1	1	2	2	2	2	2	2	1	1	1	1	2	2	2	1	1	1	1	2	2	2	2	1	2	2	2	2	1	2	2	2	2	1	1	1	1	2	2	1	1	1	1	1
126	2	2	2	2	2	1	1	1	1	1	1	1	1	1	1	2	2	2	2	2	2	2	1	1	1	1	1	1	1	1	1	1	2	2	1	1	1	2	1	2	2	2	2	2	2	1	1	1	1	1	1	1	1	1	2	1	1	1	1	1	1	1	2	2	2	2	2	2	2	2	2	2	2	2	2	2	2	2	2	2	2	1	2	2	1	1	1	1	1	1	1
127	1	1	1	2	2	2	2	2	2	2	2	2	2	1	1	1	2	2	1	2	1	1	2	2	2	2	2	1	1	1	2	2	2	2	2	2	1	1	1	1	1	1	2	2	1	1	1	1	1	1	1	1	1	1	1	2	2	1	1	1	1	1	1	1	1	1	1	1	2	1	1	1	1	1	1	1	1	2	2	2	2	2	1	1	2	2	1	1	1	1	1
128	2	1	1	1	1	1	1	1	1	1	1	1	1	1	1	1	2	1	2	1	1	1	1	2	2	2	1	1	1	1	2	2	2	2	2	2	1	2	2	2	2	2	1	1	1	1	1	1	2	2	2	2	2	2	2	1	2	1	1	1	1	1	2	2	1	1	2	2	2	2	1	2	2	1	1	1	1	2	1	1	1	1	1	1	2	2	2	1	1	1	2
129	1	1	1	1	1	1	1	1	1	1	1	1	1	1	1	1	1	1	1	2	2	2	2	1	1	1	2	2	2	2	2	2	2	2	2	2	2	2	1	1	1	1	1	1	1	1	1	1	1	2	2	2	1	1	1	1	1	2	2	1	1	1	1	1	1	1	2	1	1	2	1	1	1	1	1	1	2	1	2	1	1	1	2	1	1	1	1	1	1	1	1
130	1	1	1	1	1	2	2	2	2	2	2	2	2	1	1	1	1	1	1	2	2	2	2	2	2	2	2	2	2	2	2	2	2	2	2	2	1	2	1	2	2	2	2	2	1	2	2	1	1	1	1	1	2	1	2	1	1	1	1	1	2	2	1	1	2	2	2	1	1	1	1	2	2	2	1	1	1	1	2	2	1	2	2	1	1	1	1	1	1	1	1
131	1	1	1	1	1	2	2	2	2	2	2	2	2	2	2	2	2	2	2	2	2	2	1	1	2	2	1	1	1	2	2	2	2	2	2	2	1	1	2	2	2	2	2	2	1	1	1	1	1	1	1	1	1	1	1	1	1	1	1	1	1	1	2	2	1	1	1	1	2	1	1	1	1	1	1	1	2	1	1	2	1	1	1	1	1	1	1	1	1	1	1
132	2	2	1	1	1	1	1	1	1	1	1	1	1	1	1	2	2	2	2	2	2	2	2	2	1	1	1	1	2	2	2	2	2	2	2	2	1	1	1	1	1	1	1	1	1	1	1	1	1	1	1	1	1	1	1	1	1	1	1	1	2	2	1	1	2	2	1	1	1	1	1	2	2	2	2	2	1	1	2	1	1	1	1	1	2	2	2	2	2	2	2
133	1	1	1	1	1	1	1	1	1	1	1	1	2	2	2	2	1	1	1	2	2	2	2	2	2	2	2	2	2	2	2	2	1	1	1	1	1	1	1	1	1	1	1	1	2	2	2	2	2	2	2	2	2	2	2	1	1	2	2	1	2	1	2	2	1	1	2	1	1	1	1	1	1	2	2	2	1	1	2	2	2	1	2	1	1	2	2	2	1	1	2
134	2	2	1	1	1	2	1	1	1	1	1	1	2	2	2	1	1	1	1	1	1	1	1	1	1	1	1	2	2	2	2	2	2	2	2	2	1	1	1	1	1	2	1	1	1	1	1	1	1	1	1	2	1	1	1	1	1	2	2	2	1	1	1	1	1	1	1	2	2	1	1	1	1	1	2	1	2	1	1	2	2	2	2	2	1	1	1	1	1	1	1
135	2	2	2	2	2	1	1	1	1	1	1	1	2	2	2	2	1	1	1	2	1	1	2	2	2	2	2	2	2	2	2	2	2	2	2	2	2	2	1	2	2	2	2	2	2	2	2	2	2	1	1	1	1	1	1	2	2	1	1	1	1	1	2	2	1	2	1	1	1	1	1	2	2	2	2	2	2	2	1	1	1	1	1	1	1	1	1	1	1	1	1
136	2	2	1	2	2	2	2	2	2	2	2	2	2	2	2	1	1	1	1	2	2	2	1	2	2	2	2	2	2	2	2	2	2	2	2	2	1	1	1	1	1	1	1	1	1	1	1	2	2	2	2	2	2	2	2	2	2	1	1	1	1	1	1	2	1	1	1	1	1	1	1	1	1	1	1	1	1	1	1	1	1	1	1	1	1	1	1	1	1	1	1
137	1	1	1	1	1	1	1	1	1	1	1	1	1	1	1	1	2	2	2	1	1	1	1	1	1	1	2	2	2	2	1	1	1	1	1	1	2	2	2	2	2	1	1	1	1	2	2	2	2	2	2	2	2	2	2	1	1	1	1	1	1	1	1	1	2	2	1	1	1	1	1	2	2	2	2	1	1	1	2	1	1	2	1	1	1	1	2	2	2	2	2
138	2	2	1	1	1	2	2	2	2	2	2	2	2	2	2	2	2	2	2	1	1	1	1	1	1	1	1	1	1	1	1	1	1	1	1	1	1	1	1	2	2	2	2	2	2	2	2	2	2	2	2	2	2	2	2	1	1	2	1	1	1	1	1	2	1	1	2	2	2	2	1	2	2	2	2	2	1	1	1	2	2	1	1	1	1	1	1	1	1	1	1
139	1	1	1	1	1	1	1	1	1	1	1	1	1	1	1	1	2	2	2	1	1	1	1	1	1	1	1	1	1	1	1	1	1	1	1	1	1	1	1	1	1	1	1	1	1	1	1	1	1	1	1	1	1	1	1	1	1	1	1	1	1	1	1	1	1	1	1	1	1	2	1	1	1	1	1	1	2	1	2	2	2	2	2	2	2	2	2	2	2	2	2
140	1	1	1	1	1	1	1	1	1	1	1	1	1	1	1	1	2	2	2	2	2	2	1	1	1	1	1	2	2	2	2	1	1	1	1	1	2	2	1	1	1	1	1	1	2	2	2	2	2	2	2	2	1	1	1	1	1	1	1	1	1	1	2	2	2	2	1	1	1	1	2	1	1	1	1	1	1	1	1	1	1	1	1	1	2	2	2	1	1	1	2
141	2	2	2	2	2	2	2	2	2	2	2	2	2	1	2	1	1	1	1	1	1	1	1	1	2	2	2	2	1	1	1	1	1	1	1	1	1	1	2	2	2	2	2	2	1	1	1	1	2	1	1	1	2	2	2	2	2	1	1	1	1	1	2	2	2	1	2	2	2	2	1	2	2	1	2	2	1	2	2	1	1	1	1	1	2	1	2	2	2	2	2
142	1	1	1	1	1	2	2	2	2	2	2	2	1	1	1	1	1	1	1	1	1	1	1	1	2	2	2	2	2	2	2	2	1	1	1	1	2	2	2	1	1	1	1	1	2	2	1	2	2	2	2	2	2	2	2	2	2	2	1	1	1	1	2	1	1	1	2	2	2	2	2	2	1	1	2	2	2	1	2	2	2	2	1	1	1	1	2	2	2	2	2
143	1	1	1	1	1	1	1	1	1	1	1	1	1	2	2	2	2	2	2	2	2	2	2	2	2	2	2	1	1	1	1	1	1	1	1	1	1	1	1	1	1	2	2	2	2	2	2	2	2	2	2	1	1	1	1	2	2	1	1	1	1	1	1	1	1	2	1	1	1	1	1	1	1	1	1	1	2	2	1	1	1	1	1	1	2	2	2	2	2	2	2
144	2	2	1	2	2	2	2	2	2	1	2	2	2	2	2	2	1	1	1	1	1	1	1	1	2	2	2	2	2	2	2	2	2	2	2	2	1	1	1	1	1	1	1	1	1	1	1	1	1	1	1	2	2	2	2	2	2	1	1	1	1	1	1	1	1	1	2	2	2	2	1	2	2	2	2	2	2	2	2	2	2	2	2	2	1	2	1	1	2	2	2
145	2	2	2	2	2	2	2	2	2	2	2	2	2	2	2	2	2	2	2	1	1	1	2	2	2	2	1	1	1	1	2	1	1	1	1	1	2	2	1	1	1	2	2	2	1	1	1	1	1	1	1	1	2	2	2	2	2	2	1	2	2	2	1	1	1	1	2	2	2	2	2	2	2	2	2	2	2	2	2	2	2	2	2	2	1	1	1	1	1	1	1
146	1	1	1	1	1	1	1	1	1	1	1	1	1	2	2	2	2	2	2	1	1	1	2	2	1	2	2	2	1	2	2	2	2	2	2	2	2	2	2	2	1	1	1	1	1	1	1	1	1	1	1	1	2	2	2	2	2	2	2	2	2	2	2	2	1	1	1	1	1	2	2	1	1	1	1	1	2	2	1	2	1	1	1	1	1	1	1	1	1	1	1
147	2	2	1	2	2	2	2	2	2	2	2	1	2	1	1	1	1	1	1	1	1	1	2	1	2	2	2	2	2	2	1	2	2	2	2	2	2	2	1	2	2	1	2	2	2	1	2	2	2	1	2	2	2	2	2	2	2	1	2	1	1	1	2	2	2	2	2	2	2	2	1	2	2	2	2	2	1	1	2	2	1	1	1	1	2	2	2	2	1	1	1
148	2	2	1	1	1	2	2	2	2	2	2	2	2	2	2	2	2	2	2	1	2	2	2	2	2	2	2	2	2	2	1	1	2	1	1	1	1	1	1	2	2	2	2	1	1	1	1	1	2	1	1	1	1	1	1	2	2	1	1	2	2	2	2	1	2	2	2	2	2	2	2	1	1	1	1	1	1	1	1	1	1	2	1	1	1	1	1	1	2	2	2
149	2	2	2	2	2	2	2	2	2	2	2	2	2	1	1	1	1	1	1	2	2	2	2	2	2	2	2	1	1	2	2	2	2	2	2	2	2	2	1	1	2	2	1	1	1	1	1	1	1	1	1	2	2	2	2	2	2	1	1	2	2	2	2	2	2	2	1	1	1	1	1	2	2	2	2	1	1	2	1	1	1	1	1	1	1	1	1	1	1	1	1
150	2	2	2	2	2	2	1	1	1	1	1	1	1	1	1	1	2	2	2	1	1	1	1	2	2	2	2	2	1	1	1	1	1	1	1	1	2	2	1	1	1	1	1	1	1	1	1	1	1	1	1	2	2	2	2	2	2	1	1	2	2	2	2	2	2	2	2	2	2	2	2	1	1	1	1	1	1	1	1	1	1	1	1	1	2	2	1	1	1	1	1
151	2	2	1	2	2	2	2	2	2	2	2	2	2	2	2	2	2	2	2	1	2	2	2	2	2	2	1	1	1	1	1	1	1	1	1	1	2	2	2	1	2	2	2	1	1	1	1	1	1	1	1	1	1	1	1	1	1	2	2	1	2	2	2	2	2	2	2	2	2	2	2	1	1	1	1	1	1	1	2	2	2	2	2	2	1	1	1	2	2	2	2
152	1	1	2	2	2	2	2	2	2	2	2	2	2	2	2	2	1	1	1	2	2	2	2	2	2	2	2	2	2	2	2	2	2	2	2	2	2	1	1	1	1	1	2	1	2	2	2	2	2	1	1	1	2	2	2	1	1	1	1	1	1	1	2	2	1	1	2	2	2	2	1	1	1	1	1	2	2	1	2	2	2	2	2	2	1	1	1	1	1	1	1
153	2	2	2	2	2	2	2	2	2	2	2	2	1	1	1	1	2	2	2	2	2	2	2	2	2	2	1	2	2	2	2	2	2	2	2	2	1	1	1	1	1	1	1	1	2	2	1	2	2	2	2	2	2	2	2	1	1	1	1	1	1	1	2	1	2	2	2	2	2	2	2	1	1	1	1	2	2	2	2	2	2	2	2	2	1	1	1	1	1	1	1
154	1	1	1	1	1	2	2	2	2	2	2	2	1	1	1	1	1	1	1	2	1	1	2	2	2	2	2	2	1	1	1	1	1	2	2	2	2	2	2	2	2	1	2	2	1	1	1	1	1	1	1	1	2	2	2	2	2	1	1	1	1	1	2	2	2	2	2	2	2	2	2	1	1	1	1	1	2	2	2	1	1	2	2	2	1	1	1	1	1	1	1
155	1	1	1	1	1	1	2	2	1	1	1	1	1	2	1	2	1	1	1	1	1	1	1	1	1	1	1	2	1	1	2	1	1	2	1	1	1	1	1	2	2	2	2	2	2	2	2	2	2	1	1	1	1	2	2	1	1	2	1	1	1	1	2	2	2	1	2	1	1	1	1	2	2	2	2	1	2	1	2	2	2	1	1	2	2	1	1	1	1	1	1
156	1	1	1	2	2	1	1	1	1	1	1	1	1	2	2	2	2	2	2	1	1	1	2	2	2	2	1	1	1	1	2	2	2	2	2	2	2	2	2	2	2	2	2	2	1	1	1	1	1	1	1	1	1	1	1	1	1	1	1	1	2	2	1	1	1	1	2	2	2	2	1	1	1	2	1	1	1	1	1	1	1	1	1	1	2	2	2	2	2	2	2
157	1	1	1	2	2	2	2	2	2	2	2	2	2	2	1	1	1	1	1	1	1	1	2	2	2	2	2	2	2	2	2	2	2	1	1	1	2	2	2	2	2	2	2	2	2	2	2	2	1	1	1	1	1	1	1	2	2	2	2	1	1	1	1	1	1	1	2	2	2	2	2	2	1	2	2	2	2	1	1	1	2	2	2	2	1	1	2	1	1	1	1
158	2	2	1	1	1	1	1	1	1	1	1	1	1	2	2	2	2	2	1	1	1	1	1	1	1	1	1	1	1	1	2	2	2	2	2	2	1	1	2	1	2	2	2	1	2	2	1	2	2	2	2	2	2	2	2	2	2	2	2	1	1	1	2	2	1	1	2	2	2	2	1	2	1	1	2	2	2	2	2	2	2	2	1	2	1	1	1	1	1	1	1
159	1	1	1	1	2	2	2	2	2	2	2	1	1	2	2	1	1	1	1	2	2	2	1	1	2	2	2	2	2	2	1	1	1	1	1	1	2	2	2	2	2	2	2	2	1	1	1	1	1	1	1	1	1	1	1	2	2	1	1	1	2	2	1	1	2	2	1	1	1	1	1	2	2	2	2	2	1	1	1	2	2	2	2	2	2	1	1	1	1	1	2
160	1	1	1	2	2	2	2	2	2	2	2	1	2	2	2	2	1	1	1	1	1	1	2	2	2	2	2	1	1	1	1	1	1	1	1	1	1	1	1	1	1	1	1	1	1	1	1	1	1	1	1	1	1	1	1	2	2	2	2	1	1	1	2	2	1	1	2	2	2	2	2	1	1	1	1	1	2	2	1	1	1	1	1	1	2	2	2	2	2	2	2
161	1	1	1	1	1	1	1	1	1	1	1	1	1	1	1	2	1	1	1	2	2	2	1	2	1	1	1	2	2	2	1	1	1	1	1	1	1	1	1	1	1	1	2	2	2	2	2	2	2	2	2	2	2	1	2	2	2	1	1	1	2	2	2	1	1	2	1	1	2	1	1	1	1	1	2	2	1	2	1	1	1	1	1	1	1	1	1	2	2	2	2
162	2	2	2	2	2	2	2	2	2	2	2	2	2	2	2	2	1	1	1	1	1	1	1	1	1	1	1	1	1	1	2	2	2	2	2	2	2	2	1	2	2	2	2	2	2	2	2	2	1	1	1	1	2	2	2	1	1	1	1	1	1	1	2	2	1	1	2	2	2	1	1	2	1	2	2	2	1	1	2	2	2	2	1	1	1	1	1	1	2	2	2
163	1	2	2	2	2	1	1	1	1	1	1	1	1	2	2	2	2	2	2	2	2	2	2	2	2	2	2	1	1	1	1	1	1	1	1	1	1	2	1	2	2	2	2	2	1	1	1	1	1	1	1	1	1	1	1	1	1	2	2	1	1	1	1	1	1	1	2	1	1	1	1	1	1	1	1	1	1	1	1	1	1	1	1	1	1	1	1	1	1	1	1
164	2	2	2	2	2	2	1	1	1	1	1	1	2	2	2	2	2	2	2	1	1	1	2	2	2	2	1	1	2	2	2	2	2	2	2	2	2	1	1	1	1	2	2	2	2	2	2	2	2	2	2	2	2	2	2	2	2	1	1	2	2	2	2	2	2	2	1	1	1	1	1	2	2	2	2	2	1	1	1	1	1	1	2	2	1	1	1	1	1	1	1
165	1	1	1	1	1	1	1	1	1	1	1	1	1	2	2	2	1	1	1	2	2	2	2	2	1	1	2	2	1	1	1	1	2	2	1	1	1	1	1	2	2	2	1	2	2	2	2	2	2	1	1	1	2	1	2	1	1	1	1	1	1	1	2	2	2	1	2	1	1	1	1	2	2	1	2	1	2	1	2	2	1	1	1	2	1	1	1	1	1	1	1
166	1	1	1	1	1	1	1	1	1	1	1	1	1	1	1	1	1	1	1	1	1	1	2	1	2	2	2	2	2	2	2	2	2	2	2	2	2	2	2	1	1	1	1	1	1	1	1	1	1	1	1	1	1	1	1	1	1	2	2	2	1	1	1	1	1	1	2	2	2	1	1	1	1	1	1	2	2	1	2	1	1	1	1	1	2	2	2	2	1	1	1
167	2	2	1	1	1	1	1	1	1	1	1	1	2	2	2	2	2	2	1	1	1	1	2	2	2	2	2	2	1	1	2	2	2	2	2	2	2	2	2	2	2	2	2	2	2	2	1	2	2	2	2	2	2	2	2	1	1	1	1	1	1	1	2	2	2	2	2	2	2	1	1	2	2	2	2	1	2	2	2	2	2	2	2	2	1	1	1	1	1	1	1
168	2	2	1	1	1	1	1	1	1	1	1	1	1	1	1	1	1	1	1	1	1	1	2	2	2	1	1	1	2	2	2	2	2	2	2	2	1	1	1	1	1	1	2	1	1	1	1	1	1	1	1	2	1	1	1	1	1	1	1	1	1	1	1	1	2	2	1	1	1	1	1	2	2	2	2	2	1	1	2	2	2	2	2	2	1	1	1	1	1	1	1
169	2	2	2	2	2	1	1	1	1	1	1	1	1	1	1	2	2	2	2	2	2	2	1	1	1	1	1	1	2	2	2	2	2	2	2	2	1	1	1	1	1	1	2	2	2	1	1	2	2	2	2	2	1	1	1	2	2	2	2	2	2	2	1	1	2	2	2	2	2	1	1	2	2	2	2	2	1	1	2	2	2	2	1	1	1	2	2	2	2	2	2
170	2	2	2	1	2	1	1	1	1	1	1	1	1	1	1	1	1	1	1	2	2	2	1	1	1	1	2	2	2	2	2	2	2	2	2	2	1	1	1	1	1	2	2	2	2	1	2	2	2	2	2	2	2	2	2	1	1	2	1	2	2	2	1	2	1	1	1	1	1	1	1	2	2	2	2	2	2	1	2	2	2	2	1	1	2	2	1	1	2	2	2
171	1	1	1	1	1	2	2	2	2	2	2	2	2	2	2	1	1	1	1	2	1	1	2	1	1	1	2	1	1	1	1	1	1	1	1	1	1	1	1	1	1	1	1	1	1	2	2	2	2	2	2	2	2	2	2	2	2	1	1	1	1	1	1	1	2	2	1	1	1	1	1	2	2	2	2	1	2	1	1	1	1	1	1	1	2	2	1	1	1	1	1
172	1	1	1	1	1	2	2	2	2	2	2	2	2	2	2	2	2	2	2	1	1	1	2	1	1	1	2	2	1	1	1	1	1	1	1	1	1	1	1	1	1	1	1	1	1	2	2	2	2	1	1	2	2	2	2	2	2	2	2	1	2	2	1	1	2	2	1	1	1	1	1	2	2	2	2	1	2	1	1	1	1	1	1	1	2	1	1	1	1	1	1
173	1	1	1	1	1	2	2	2	2	1	1	1	1	1	1	1	1	1	1	2	2	2	1	1	1	1	1	2	2	2	1	1	2	2	2	2	1	1	2	1	1	1	2	2	2	2	2	2	2	2	2	1	2	2	2	1	1	1	1	2	2	2	1	1	2	2	1	1	1	1	1	1	1	1	1	1	1	1	2	2	2	2	2	2	1	1	1	1	1	1	1
174	1	1	1	1	1	1	1	1	1	1	1	1	1	1	1	1	1	1	1	2	2	2	1	1	1	1	1	2	1	1	1	1	1	2	2	2	1	1	2	1	1	1	2	2	2	2	1	2	2	2	2	1	2	2	2	1	1	1	1	2	2	2	1	1	1	1	1	1	1	1	1	1	1	1	1	1	1	1	2	2	2	2	2	2	1	1	1	1	1	1	1
175	1	1	1	2	2	2	2	2	2	2	2	2	2	2	2	2	1	1	2	1	1	1	2	2	2	2	2	2	1	1	2	2	1	2	2	2	2	2	1	1	1	1	2	2	2	2	1	2	2	2	2	2	2	2	2	2	2	2	2	1	1	1	1	1	1	1	1	1	1	1	2	1	1	1	2	2	2	1	1	1	2	2	2	2	2	2	2	2	2	2	2
176	1	1	1	1	1	1	1	1	1	1	1	1	1	1	1	1	1	1	1	2	2	1	1	1	1	1	1	2	2	2	1	1	1	1	1	1	1	1	1	1	1	1	1	1	1	1	1	2	2	2	2	1	2	2	2	2	2	1	1	1	1	1	2	1	2	1	2	2	2	2	1	2	2	2	2	2	1	1	2	2	2	2	2	2	2	2	2	2	2	2	2
177	1	1	1	1	1	2	2	2	2	2	2	1	1	1	1	1	1	1	1	2	2	2	1	1	1	1	1	1	1	1	1	1	1	2	2	2	1	1	2	1	1	1	2	2	2	2	1	2	2	2	2	2	2	2	2	1	1	1	1	2	2	2	1	1	1	2	1	1	1	1	1	1	1	1	1	1	1	1	2	2	2	2	2	2	1	1	1	1	1	1	1
178	1	1	1	1	1	1	1	1	1	1	1	1	1	1	1	1	2	2	2	2	2	2	1	1	1	1	1	2	2	2	1	1	1	1	1	1	1	1	2	1	1	1	2	2	2	2	2	2	2	1	2	2	2	2	2	1	1	1	2	2	1	1	1	1	1	1	1	1	1	1	1	1	1	1	1	1	1	1	2	2	2	2	1	2	1	1	1	1	1	1	1
179	1	1	1	1	1	1	1	1	1	1	1	1	1	1	2	1	1	1	1	1	2	2	1	2	1	1	1	1	1	1	1	1	1	1	1	1	1	1	1	2	2	2	2	2	2	2	2	2	2	2	2	2	1	1	1	2	2	1	2	1	1	1	2	2	1	1	1	2	2	2	2	2	2	2	2	2	1	2	1	1	1	1	1	1	2	2	2	2	2	2	2
180	1	1	1	1	1	1	1	1	1	1	1	1	1	1	1	1	1	1	1	2	2	2	1	1	1	1	1	1	1	1	1	1	1	1	1	1	1	1	1	2	2	2	2	2	1	2	2	2	2	2	2	2	1	1	1	1	1	1	1	2	2	2	2	2	1	1	1	2	2	2	1	2	2	2	2	2	2	2	1	2	1	1	1	1	2	2	2	1	2	2	2
181	2	2	1	2	2	2	2	2	2	2	2	2	2	2	2	2	2	1	2	2	2	2	2	2	2	2	2	2	2	2	1	1	1	1	1	1	1	1	2	2	2	1	1	1	1	1	1	1	1	1	1	1	2	2	2	1	1	1	1	1	1	1	1	2	1	1	2	2	2	2	1	1	1	1	1	1	1	1	2	1	1	1	1	1	1	1	2	2	2	2	2
182	2	1	2	2	2	2	2	2	2	2	2	2	2	2	2	2	2	2	2	2	2	2	1	2	2	2	2	2	2	2	1	1	1	1	1	1	1	1	2	2	1	1	1	1	1	1	1	1	1	1	1	2	2	2	2	1	1	1	1	1	1	1	2	2	1	1	2	2	1	2	2	1	1	1	1	1	1	1	1	1	1	1	2	2	1	1	2	2	2	2	2
183	1	1	1	1	1	2	2	2	2	2	2	1	2	2	2	1	1	1	1	2	2	2	1	1	1	1	1	1	1	2	1	1	1	1	1	1	2	2	2	2	2	1	1	1	1	1	1	1	1	1	1	1	2	2	2	1	1	1	1	2	2	2	2	2	1	1	1	1	1	1	1	2	1	1	1	1	1	1	1	1	1	1	1	1	2	2	2	2	2	2	2
184	1	1	1	1	1	2	2	2	2	2	2	2	2	2	2	1	1	1	1	2	2	2	1	1	1	1	1	1	2	2	1	1	1	1	1	1	1	1	2	2	2	1	1	1	1	1	1	1	1	1	1	1	2	2	2	1	1	1	1	1	2	2	2	2	1	1	1	1	2	1	1	2	2	2	2	1	1	1	1	1	1	1	1	1	2	2	2	2	2	2	2
185	2	2	1	1	1	2	2	2	2	1	1	2	1	1	1	1	1	1	1	2	2	2	2	2	1	1	1	1	2	1	2	2	1	1	1	1	1	1	1	2	1	1	1	1	1	2	1	1	1	1	1	1	1	1	1	1	1	1	1	1	1	1	1	1	1	1	1	2	2	2	1	2	2	1	2	1	2	2	1	1	1	1	1	1	1	1	1	1	1	1	1
186	2	2	1	1	1	1	2	2	2	2	2	1	1	1	1	1	1	1	1	2	2	2	1	1	1	1	1	1	1	2	2	2	1	2	2	2	1	1	1	2	1	1	1	1	1	1	1	1	1	1	1	1	1	1	1	1	1	2	1	2	2	2	2	2	1	1	1	2	2	2	1	2	2	2	2	1	2	1	1	1	1	1	1	1	1	1	2	1	1	1	1
187	2	2	1	1	1	1	1	1	1	1	1	1	1	1	1	2	2	1	1	1	1	1	2	2	1	1	1	2	2	2	2	2	2	2	2	2	2	2	2	2	2	1	1	1	1	1	1	1	1	1	1	1	1	1	1	1	1	2	1	2	2	2	1	2	2	2	1	1	1	1	2	2	2	1	2	2	1	2	1	1	1	1	2	2	2	2	2	2	2	2	2
188	2	2	1	1	1	1	1	1	1	1	1	1	1	2	2	1	1	2	1	1	1	1	1	1	2	2	1	2	2	2	2	2	2	2	2	2	2	2	2	2	1	1	1	1	1	1	1	1	1	1	1	1	1	1	1	1	1	2	1	2	2	2	2	2	2	2	1	1	1	1	1	2	2	2	2	2	1	1	1	2	2	2	2	1	2	2	1	2	2	2	2
189	1	1	1	1	1	1	1	1	1	1	1	1	1	1	1	2	2	1	1	2	1	1	2	2	2	2	2	2	2	2	2	2	2	2	2	2	1	1	2	2	1	2	1	1	1	1	1	1	1	1	1	1	1	1	1	1	1	2	2	2	2	2	2	2	2	2	1	1	1	1	1	1	1	1	1	2	1	1	2	1	1	1	1	1	1	1	2	1	1	1	1
190	1	1	1	1	1	1	1	1	1	1	1	1	1	1	1	2	2	1	2	2	1	1	2	2	2	2	2	2	2	2	2	2	2	2	2	2	1	1	1	1	1	1	1	1	1	1	1	1	1	1	1	1	1	1	1	1	1	2	1	2	2	2	2	2	2	2	1	1	1	1	1	2	2	2	2	2	2	1	1	1	1	1	1	1	2	2	1	1	1	1	1
191	2	2	2	2	2	1	1	1	1	1	1	1	1	1	1	2	2	2	2	2	2	2	2	2	2	2	2	2	2	1	1	1	1	1	1	1	1	1	1	1	1	1	1	2	2	2	2	2	2	2	2	2	1	1	1	1	1	1	1	2	2	2	1	1	1	1	1	1	1	2	2	1	1	1	1	1	1	2	1	1	1	1	1	1	1	2	2	2	2	2	2
192	2	2	2	2	2	1	1	1	1	1	1	1	1	1	1	2	1	1	1	2	2	2	1	2	2	2	2	2	2	1	1	1	1	1	1	1	1	1	1	1	1	1	1	2	2	2	2	2	2	2	2	2	1	1	1	1	1	1	1	2	2	1	1	1	1	1	1	1	2	2	2	1	1	1	1	1	2	2	1	1	1	1	1	1	1	2	2	2	2	2	2
193	2	2	2	2	2	2	2	2	2	2	2	2	2	2	2	2	1	1	1	1	1	1	1	2	2	2	2	1	1	1	1	1	1	1	1	1	1	1	1	1	1	2	2	1	1	1	1	1	2	1	1	1	1	1	1	1	1	1	1	2	2	2	2	2	2	2	1	1	1	1	1	2	2	2	2	2	1	1	2	2	2	2	2	2	2	2	2	2	2	2	2
194	1	1	1	2	2	2	2	2	2	2	2	2	2	2	1	1	1	1	1	2	2	1	1	1	1	1	1	1	1	1	1	1	2	2	2	2	1	1	1	1	2	1	1	1	2	2	2	2	1	1	1	1	1	1	1	1	1	1	1	1	1	1	2	2	1	1	1	1	1	1	1	2	2	2	2	2	2	1	2	2	2	2	2	2	2	1	1	1	1	1	1
195	1	1	1	1	1	2	2	2	2	2	1	2	1	1	1	2	2	2	2	1	1	1	1	2	2	2	1	1	2	2	2	2	2	2	2	2	1	1	1	2	1	2	2	2	1	1	1	1	1	1	1	1	2	2	2	2	2	2	2	1	1	2	2	2	2	2	1	1	2	2	2	2	1	2	2	2	2	1	2	2	2	2	2	2	2	1	1	2	2	2	2
196	2	1	1	1	1	2	2	2	2	2	2	2	1	1	1	2	1	2	2	1	1	1	1	1	1	1	1	1	2	2	2	2	2	2	2	2	1	1	1	1	2	1	1	1	1	1	1	1	2	1	1	1	2	2	2	2	2	2	2	2	1	1	1	1	2	1	1	1	1	2	2	2	2	2	2	2	1	2	2	2	2	2	2	2	2	1	1	2	2	2	2
197	2	2	2	1	1	1	1	1	1	1	1	1	1	1	1	1	1	1	1	2	2	2	2	2	2	2	2	2	2	2	2	2	2	2	2	2	1	1	1	2	2	2	2	2	2	2	2	2	2	2	2	2	2	2	2	1	1	1	1	2	2	2	1	1	1	1	1	1	1	1	1	2	1	2	2	2	2	1	2	2	2	2	1	1	2	2	1	1	2	2	2
198	1	1	1	2	2	2	2	2	2	2	2	2	2	2	2	2	2	1	2	1	1	1	2	2	2	2	2	2	2	2	2	2	2	2	2	2	2	2	1	1	1	1	2	2	2	2	2	2	2	1	2	2	1	2	2	1	2	2	2	1	1	1	1	1	1	1	1	1	1	1	1	2	2	2	2	2	2	1	1	1	2	2	2	2	2	2	2	2	2	2	2
199	2	2	2	2	2	1	1	1	1	1	1	2	2	1	1	1	1	1	1	2	2	2	2	2	2	2	1	1	1	1	2	2	2	1	2	2	2	2	2	2	2	2	2	1	1	1	1	1	2	1	2	2	2	2	2	1	1	1	1	1	2	2	1	1	1	1	1	1	1	1	1	1	1	1	1	1	2	2	2	2	2	2	2	2	1	1	1	1	1	1	1
200	2	2	2	2	2	1	1	1	1	1	1	2	2	1	1	1	1	1	1	2	2	2	2	2	2	2	1	1	1	1	2	2	2	1	2	2	2	2	2	1	1	2	2	2	1	1	1	1	1	1	2	2	2	2	2	1	1	1	1	2	2	2	1	1	2	2	1	1	1	1	1	1	1	1	1	1	2	1	2	2	2	2	2	2	1	1	1	1	1	1	1
201	2	2	2	2	2	1	1	1	1	1	1	1	1	2	2	2	2	2	2	1	1	1	2	2	2	2	2	2	2	2	1	1	1	1	1	1	2	2	2	2	2	2	2	2	1	2	1	1	1	1	1	1	2	2	2	2	2	1	1	2	2	2	2	2	1	1	1	1	1	2	1	2	2	2	2	2	2	2	1	1	1	1	1	1	1	1	1	1	1	1	1
202	2	2	2	2	2	2	1	1	1	1	1	1	1	1	1	2	2	2	2	2	2	2	2	2	2	2	1	1	1	1	1	1	1	1	1	1	2	2	2	2	2	2	2	2	2	2	2	2	2	2	2	2	1	1	1	2	2	1	1	2	2	2	2	2	1	1	1	1	1	1	2	2	2	2	2	2	1	1	2	2	2	2	2	2	2	2	2	2	2	2	2
203	2	2	2	2	2	2	2	2	2	2	2	1	1	2	2	2	2	2	2	2	2	1	2	2	2	2	2	2	2	2	2	2	2	2	2	2	1	1	1	1	1	1	2	2	2	2	2	2	2	1	2	2	1	1	1	2	2	1	1	2	1	1	1	1	2	2	1	1	1	2	2	2	2	2	2	2	2	1	1	1	1	1	1	1	2	1	1	1	1	1	1
204	2	2	2	2	2	2	2	2	2	2	2	2	2	2	2	2	2	2	2	2	2	2	1	1	2	2	1	1	2	2	1	1	1	1	1	1	1	1	1	2	1	2	1	1	1	1	1	1	1	1	1	1	2	2	2	2	2	2	2	2	2	2	2	1	1	2	1	1	1	2	2	2	2	2	2	2	1	1	2	1	1	2	2	2	2	1	1	1	1	1	1
205	2	2	2	2	2	2	2	2	2	2	2	2	2	2	2	2	1	1	1	2	2	2	2	2	1	1	1	1	1	1	2	2	2	2	2	2	1	1	2	1	1	1	1	1	1	1	1	1	1	1	1	1	2	2	2	2	2	2	2	2	2	2	2	2	2	2	2	2	2	2	2	2	2	2	2	1	2	2	2	2	2	2	2	2	2	2	2	2	1	1	1
206	2	2	2	2	2	1	1	1	1	1	1	1	2	2	2	2	2	1	2	2	1	1	2	2	2	2	2	2	2	2	1	1	2	1	1	1	2	2	1	1	1	1	1	1	2	2	2	1	2	2	2	2	1	1	1	2	2	1	1	2	2	2	2	2	1	1	1	1	1	1	1	2	2	2	1	2	2	1	2	2	2	2	2	2	1	2	1	1	1	1	1
207	1	1	1	1	1	1	1	1	1	1	1	1	1	2	2	1	1	1	1	1	1	1	1	1	1	1	1	1	1	1	1	1	2	1	1	1	1	1	1	1	1	1	1	1	1	1	1	1	1	1	1	1	2	2	2	2	2	1	1	2	2	2	2	2	1	1	2	1	1	1	1	2	2	2	2	2	2	1	1	1	2	2	2	2	2	1	2	2	2	2	2
208	1	1	1	1	1	1	2	2	2	2	2	2	2	2	2	2	1	1	1	2	2	2	2	2	1	1	1	1	1	1	1	1	1	2	2	2	1	1	1	2	2	1	2	2	2	2	2	2	2	1	1	2	1	1	1	2	2	1	1	1	1	1	1	1	1	1	1	1	1	1	1	2	2	2	2	1	2	2	2	1	1	1	1	1	1	1	1	1	1	1	1
209	2	1	2	2	2	2	2	2	2	2	2	1	1	1	1	1	2	2	2	2	1	1	1	2	2	2	1	1	1	1	1	1	1	1	2	2	1	1	1	1	1	1	1	1	1	1	1	1	1	1	1	1	2	2	2	2	2	2	2	2	2	2	1	1	1	1	2	2	2	2	2	2	2	1	1	2	2	1	2	2	2	1	1	1	1	1	1	1	2	2	2
210	2	2	2	2	2	1	1	1	1	1	1	1	1	1	1	1	1	1	1	1	1	1	1	1	1	1	2	2	2	2	2	2	2	2	2	2	1	1	1	1	2	1	1	1	2	2	2	2	1	2	2	2	2	2	2	1	1	1	1	2	2	2	2	2	1	1	1	1	1	1	1	2	1	2	2	2	2	2	2	2	2	2	2	2	2	1	2	2	2	2	2
211	1	1	1	1	1	2	2	2	2	2	2	2	2	2	2	2	2	1	2	2	2	1	2	2	2	2	2	2	1	1	1	1	1	2	2	1	2	2	2	2	1	1	2	2	2	2	2	2	1	1	1	1	2	2	2	2	2	2	2	2	2	1	1	1	1	1	2	1	1	1	2	2	2	2	1	1	1	1	1	1	2	2	1	1	1	2	2	2	2	2	2
212	2	2	2	2	2	2	2	2	2	2	2	2	2	2	2	2	2	2	2	2	2	2	1	2	1	1	1	2	1	1	1	1	1	1	1	1	1	1	1	2	2	2	2	2	2	2	2	1	1	1	1	2	1	1	1	1	1	1	1	1	1	1	2	2	1	1	2	2	2	2	1	2	2	2	2	2	2	1	1	1	1	1	1	1	2	2	2	2	2	2	2
213	2	2	1	1	1	1	1	1	1	1	1	1	1	1	2	2	1	1	1	1	1	1	1	1	1	1	1	1	2	2	2	2	2	2	1	1	2	2	1	2	2	2	2	2	2	2	2	1	1	1	1	1	1	1	1	2	2	1	1	1	2	2	1	1	1	1	2	2	2	2	2	2	2	2	2	1	2	1	1	1	1	1	1	1	2	2	1	1	1	1	1
214	2	2	2	2	2	2	2	2	2	2	2	2	2	1	1	1	1	1	2	1	1	1	1	1	1	1	1	1	1	1	1	1	1	1	1	1	1	1	2	2	2	2	1	1	1	1	1	1	1	1	1	1	1	1	2	1	2	2	1	1	1	1	2	2	1	1	1	1	1	1	1	1	1	2	1	2	2	1	2	1	1	1	1	1	2	2	2	2	1	1	1
215	1	1	1	2	2	2	2	2	2	2	2	2	2	1	2	2	2	2	2	1	1	1	2	2	2	2	2	1	1	1	1	1	1	1	1	1	1	1	1	1	1	2	1	1	2	2	2	2	2	2	2	1	2	2	2	1	1	2	1	1	1	2	1	1	1	1	1	1	1	2	2	2	2	2	2	2	1	1	1	1	1	1	1	1	2	1	1	1	1	1	1
216	1	1	1	1	1	1	1	1	1	1	1	1	1	1	1	1	1	1	1	1	1	1	1	1	1	1	1	1	1	1	1	1	1	1	1	1	2	2	2	1	1	2	2	2	1	1	1	1	1	1	1	2	1	1	1	1	1	1	1	1	1	1	2	2	1	2	1	1	1	1	2	1	1	1	1	1	2	1	2	2	2	2	2	2	1	2	2	2	1	1	1
217	1	2	1	1	1	1	1	1	1	1	1	1	1	1	1	1	2	2	2	1	1	1	1	1	1	1	1	1	2	2	2	2	2	2	2	2	2	2	1	1	1	1	1	1	2	2	2	2	2	2	2	2	1	1	1	2	2	2	2	2	1	1	1	1	2	2	2	2	2	1	2	1	2	2	2	1	1	2	2	2	1	1	1	1	1	1	2	2	2	2	2
218	1	1	1	1	1	2	2	2	2	2	2	2	2	2	2	2	2	2	2	2	2	2	2	1	1	1	1	2	2	2	2	2	2	2	2	2	2	1	1	1	1	2	2	2	1	1	1	1	1	1	1	1	1	1	1	2	2	1	1	2	2	2	1	1	2	2	1	1	1	1	1	1	1	1	1	1	1	1	1	2	1	2	2	2	1	1	1	1	2	2	2
219	1	1	1	1	1	1	1	1	1	1	1	1	1	2	2	1	1	1	1	1	1	1	1	1	1	1	1	1	1	1	1	1	2	2	2	2	1	1	1	2	2	2	2	2	1	1	1	2	2	2	2	2	1	1	1	2	2	1	1	1	1	1	2	1	1	1	1	2	2	2	2	2	2	2	2	2	2	2	2	1	1	1	1	1	2	1	1	1	1	1	1
220	1	1	1	1	1	1	1	1	1	1	1	1	1	1	1	1	1	1	1	1	1	1	2	2	2	2	1	1	1	1	1	1	2	2	2	2	2	2	2	2	2	1	2	1	2	1	1	1	1	1	1	1	2	2	2	1	2	1	1	2	2	2	1	1	2	1	2	2	2	2	2	1	1	1	1	2	2	1	1	1	1	1	2	2	2	2	1	1	1	1	1
221	1	1	1	1	1	2	2	2	2	2	2	2	1	2	1	1	1	1	1	1	1	2	1	1	1	1	2	2	2	2	2	2	2	2	2	2	2	2	2	2	2	2	2	2	2	2	2	2	1	1	1	1	2	2	2	1	1	1	1	2	2	2	2	2	1	1	1	1	1	1	2	1	1	1	1	1	1	1	1	1	1	1	1	1	1	1	1	1	1	1	1
222	2	2	2	1	2	2	2	2	2	2	2	2	2	2	2	1	1	1	1	2	2	1	1	1	1	1	1	1	1	1	1	1	1	1	1	1	2	2	1	1	1	1	1	1	1	1	1	1	2	2	2	2	2	2	2	2	2	1	1	1	1	1	1	1	1	1	1	2	2	1	1	2	2	2	2	1	2	2	1	1	1	1	2	1	2	2	2	2	2	2	2
223	2	2	2	2	2	2	2	2	2	2	2	2	2	2	2	2	2	2	2	2	2	2	1	1	2	2	2	1	1	1	2	2	2	2	2	2	2	2	1	1	1	2	2	2	2	2	2	2	2	2	2	2	1	1	1	1	1	1	1	1	2	2	2	1	1	1	2	2	2	2	1	1	1	1	1	1	1	1	1	1	1	1	1	1	1	2	2	2	2	2	2
224	1	1	1	1	1	1	1	1	1	1	1	1	1	1	1	1	1	1	1	1	1	1	1	1	1	1	2	2	1	1	1	1	1	1	1	1	1	1	1	2	2	2	2	2	2	2	2	2	2	2	2	1	1	1	1	1	1	2	2	1	2	2	2	2	1	2	1	1	1	1	1	2	2	2	1	1	1	1	1	1	1	1	1	1	1	1	1	1	1	1	1
225	2	2	2	2	2	2	2	2	2	2	2	2	2	2	2	2	1	1	1	1	1	1	2	2	2	2	1	1	1	1	2	2	2	2	2	2	2	2	2	2	2	2	2	2	2	2	2	2	1	1	1	1	2	2	2	1	1	1	1	1	1	1	2	2	2	2	2	2	2	2	1	2	2	2	2	2	1	1	2	2	2	1	1	1	2	1	1	1	2	2	2
226	1	1	1	1	1	2	2	2	2	2	2	2	2	2	2	2	1	1	1	1	1	1	2	1	1	1	2	1	2	2	2	2	2	2	2	2	2	2	1	1	1	2	2	2	2	2	2	2	2	2	2	2	1	1	1	2	2	1	2	1	1	1	2	2	2	2	1	1	1	1	1	2	2	2	2	2	2	1	2	1	1	1	1	1	2	1	1	1	1	1	1
227	2	2	2	2	2	2	1	1	1	1	1	2	1	2	2	1	1	1	1	1	1	1	1	1	1	1	1	2	2	2	2	2	2	2	2	2	2	2	2	2	2	2	2	2	2	2	2	2	2	2	2	2	2	2	2	2	2	2	2	1	2	2	1	1	1	1	2	1	2	1	1	1	1	1	1	1	1	1	1	2	1	1	1	1	1	2	2	2	2	2	2
228	1	1	2	1	2	2	2	2	2	2	2	2	2	1	1	1	1	1	1	2	2	2	2	2	2	2	1	1	1	1	1	1	2	2	2	2	2	2	2	2	2	1	1	1	1	1	1	1	1	1	1	1	1	1	1	1	1	2	2	2	1	2	2	2	2	2	1	1	1	1	1	2	2	2	2	2	1	2	1	1	1	1	1	1	2	2	2	2	2	2	2
229	1	1	1	1	1	2	1	1	1	1	1	1	1	1	1	1	1	1	1	1	1	1	1	1	1	1	1	1	1	2	1	1	1	1	1	1	2	2	1	1	2	2	2	2	1	1	1	1	1	1	1	1	1	1	1	1	1	2	1	1	1	1	1	1	1	1	2	2	2	1	1	2	1	1	2	1	1	1	1	1	1	1	1	1	1	1	2	1	1	1	1
230	1	1	1	1	1	1	2	2	2	2	2	2	2	2	2	1	2	1	2	1	1	1	1	1	2	2	2	2	2	2	2	2	2	2	2	2	2	2	2	2	2	2	2	2	2	2	2	2	2	2	2	2	2	1	1	2	2	2	2	2	2	2	2	2	1	1	2	2	2	2	1	1	1	1	1	1	1	1	2	1	1	1	1	1	1	2	2	2	2	2	2
231	1	1	2	2	2	2	2	2	2	2	2	2	2	1	1	1	2	2	1	1	1	1	1	1	2	2	2	2	2	2	2	2	2	2	2	2	2	2	2	2	2	2	2	2	2	2	2	2	2	2	2	2	2	1	1	2	2	2	2	2	2	2	2	2	1	1	2	2	2	2	2	1	1	1	1	1	1	1	2	1	1	1	1	1	1	2	2	2	2	2	2
232	1	1	1	1	1	2	2	2	2	2	2	1	1	2	2	2	2	2	2	2	2	2	2	2	2	2	2	2	1	1	1	1	1	1	1	1	1	1	1	1	1	1	1	1	2	1	1	1	2	1	1	2	1	1	1	2	2	2	2	2	1	1	1	1	2	2	2	2	2	2	1	1	1	1	1	2	2	1	2	2	1	2	2	2	2	2	1	1	1	1	1
233	1	1	1	1	1	2	2	2	1	2	2	1	1	2	2	2	2	2	2	2	2	2	2	2	2	2	2	2	1	1	1	1	1	1	1	1	1	2	1	1	2	1	1	1	2	2	2	1	1	1	1	2	2	1	1	2	2	2	2	2	1	1	1	1	2	2	2	2	2	2	2	1	1	1	1	2	2	1	2	2	2	2	2	2	2	2	1	1	1	1	1
234	2	2	1	1	1	1	1	1	1	1	1	1	1	2	2	1	1	1	1	2	2	2	1	1	1	1	1	1	1	1	1	1	1	1	1	1	1	1	2	2	2	1	1	1	2	2	2	1	1	1	1	1	2	2	2	2	2	1	1	1	1	2	2	1	1	1	2	1	2	1	1	1	2	2	2	2	2	2	2	2	2	2	2	2	2	1	1	1	1	1	2
235	2	2	2	2	2	1	1	1	1	1	1	1	1	1	1	2	2	2	2	2	2	1	1	1	1	1	2	1	1	1	1	1	2	2	2	2	1	1	1	1	1	1	2	2	2	1	1	2	2	2	2	2	1	1	1	2	2	1	1	2	2	1	1	1	2	2	2	2	2	1	1	1	2	2	2	2	2	1	2	2	2	2	1	1	1	2	2	2	2	2	2
236	2	2	2	2	2	1	1	1	1	1	1	1	1	1	1	2	2	2	2	1	1	1	1	1	2	2	2	2	2	2	1	1	1	1	1	1	2	2	2	2	2	2	2	2	1	1	1	1	1	1	1	1	2	2	2	2	2	1	1	2	2	2	2	2	1	1	1	1	1	2	1	1	1	1	1	2	2	2	1	1	1	1	1	1	1	1	1	1	1	1	1
237	2	2	1	2	2	2	2	2	2	2	2	2	2	2	2	2	1	1	1	2	2	2	2	1	1	1	1	1	2	2	2	2	2	2	2	2	2	1	2	2	2	2	2	2	2	2	2	2	2	2	2	2	2	2	2	1	1	2	2	1	2	2	1	1	2	2	2	2	2	2	2	2	2	2	2	2	1	1	1	1	1	1	1	1	1	1	2	2	2	2	2
238	2	2	2	1	1	2	1	1	2	2	2	2	2	1	1	1	1	1	1	1	1	1	1	1	1	2	2	2	2	2	2	2	2	2	2	2	2	2	2	2	2	2	2	2	2	2	2	2	2	2	2	2	1	1	1	1	1	1	1	1	1	1	2	2	2	2	1	1	1	1	1	2	2	2	2	2	2	2	2	2	2	2	2	1	2	2	1	1	1	1	1
239	2	2	2	2	2	2	2	2	2	2	2	2	2	2	2	2	1	1	1	1	2	2	2	2	2	2	1	1	2	2	2	2	2	1	1	1	2	2	2	2	2	2	2	2	2	2	2	2	2	2	2	2	2	2	2	1	1	2	2	2	2	2	2	2	2	2	2	2	2	2	2	2	2	2	2	2	1	1	1	1	1	1	1	1	2	2	2	2	2	2	2
240	1	1	1	1	1	2	2	2	2	2	2	2	2	2	2	2	2	2	2	1	1	1	2	2	2	2	1	1	1	1	2	2	2	2	2	2	2	1	2	2	2	1	1	1	2	2	2	2	2	2	2	2	1	1	1	2	2	2	2	2	2	2	1	1	1	1	2	2	2	1	1	1	1	1	1	2	1	1	1	1	1	1	1	1	2	1	1	1	1	1	1
241	1	1	1	1	1	2	2	2	2	2	2	2	2	2	2	2	2	2	2	1	1	1	2	2	2	2	1	2	2	2	2	2	2	2	2	2	2	1	2	2	2	1	1	1	1	1	1	2	1	1	1	1	2	2	2	2	2	2	2	1	2	2	1	1	1	1	2	1	1	1	1	2	1	1	1	1	1	2	1	1	1	1	1	1	1	1	2	2	2	2	2
242	1	1	1	1	1	1	1	1	1	1	1	1	1	1	1	1	1	1	1	2	2	1	1	2	1	1	2	2	2	2	2	2	1	1	1	1	2	2	2	1	1	1	1	1	2	2	2	2	2	2	2	1	2	2	2	2	2	1	1	1	1	1	1	1	1	1	2	2	2	2	2	2	2	2	2	2	2	2	1	1	1	1	1	1	2	2	2	2	2	2	2
243	2	1	1	1	1	2	2	2	2	2	2	2	2	2	2	2	1	1	1	2	2	1	2	2	1	1	1	2	2	2	2	2	2	2	2	2	2	2	2	1	1	2	2	2	2	2	2	2	2	2	2	2	1	1	1	2	2	2	2	2	1	1	2	2	2	2	2	2	2	2	2	1	1	1	1	1	2	2	2	2	2	2	2	2	2	1	1	2	2	2	2
244	1	1	1	1	1	1	1	1	1	1	1	1	1	1	1	1	1	1	1	1	1	1	2	2	2	2	2	2	2	1	1	1	1	1	1	1	1	1	2	2	2	2	1	1	2	2	2	2	2	2	2	1	1	1	1	1	1	1	1	2	2	2	2	2	1	1	2	1	1	1	1	1	1	1	1	2	2	2	2	2	1	2	2	2	2	2	2	2	2	2	2
245	1	1	1	1	1	1	1	1	1	1	1	1	1	1	1	1	1	1	1	1	1	1	1	1	1	1	1	1	1	1	1	1	1	1	1	1	1	1	1	1	1	1	1	1	1	1	1	1	1	1	1	1	1	1	1	1	1	1	1	1	1	1	1	1	1	1	1	1	1	1	1	1	1	1	1	1	1	1	1	1	1	1	1	1	1	1	1	1	1	1	1
246	1	1	1	1	1	1	2	1	1	1	1	1	1	1	1	1	2	1	2	1	2	1	2	2	2	2	2	2	1	1	2	2	2	2	2	2	1	1	2	1	1	1	1	1	2	2	2	2	2	2	2	2	1	1	1	1	1	1	1	1	1	1	1	1	1	1	1	1	1	1	1	1	1	1	1	1	1	1	2	2	2	2	2	2	1	1	2	2	2	2	2
247	1	1	1	1	1	1	1	1	1	1	1	1	1	1	1	1	1	1	2	1	2	2	2	1	2	2	2	2	1	1	2	2	2	2	2	2	1	1	2	2	1	1	1	1	2	2	2	2	2	2	2	2	1	1	1	1	1	2	2	1	1	1	1	1	1	1	1	1	1	1	1	2	2	2	2	2	2	1	1	2	2	2	2	2	2	1	2	2	2	2	2
248	1	1	2	1	2	2	2	2	2	2	2	2	2	2	2	1	2	2	2	1	1	1	1	2	2	2	1	1	1	1	2	2	2	2	2	2	1	1	1	1	1	1	1	1	1	1	1	1	1	1	1	1	1	1	1	1	1	1	1	1	1	1	2	2	1	1	2	2	2	2	2	2	2	2	2	1	2	1	2	1	1	1	1	1	2	2	2	2	2	2	2
249	2	1	1	2	2	2	2	2	2	2	2	2	2	2	2	1	2	2	2	2	2	2	2	1	1	1	1	1	1	1	2	2	2	2	2	2	1	1	1	1	1	1	1	1	1	1	1	1	2	1	1	1	1	1	1	1	1	1	1	2	1	1	2	2	1	1	2	2	2	2	1	2	2	2	2	1	1	1	2	1	1	1	1	1	2	2	2	2	2	2	2
250	2	2	1	1	1	1	1	1	1	1	1	1	1	2	2	2	1	1	1	1	1	1	1	1	1	1	1	1	1	1	1	1	1	1	1	1	1	1	1	1	1	2	2	2	1	1	1	1	1	1	1	1	2	2	2	2	2	2	2	2	2	2	1	1	1	1	1	1	1	1	1	2	2	2	1	1	2	1	2	2	2	2	2	2	1	1	1	1	2	2	2
251	2	1	1	1	1	1	1	1	1	1	1	1	1	2	2	2	1	1	1	2	2	1	1	1	1	1	1	1	1	1	1	1	1	1	1	1	1	1	1	2	2	1	1	1	1	1	1	1	2	1	1	1	1	1	1	1	1	2	2	1	2	2	1	1	1	1	1	1	1	1	1	2	2	2	1	1	2	1	1	1	1	1	1	1	1	1	1	1	2	2	2
252	1	1	1	1	1	1	1	1	1	1	1	2	2	2	2	2	1	1	1	2	2	2	1	1	2	2	2	2	2	2	2	2	2	2	2	1	2	2	2	1	1	1	1	1	1	1	1	1	1	2	1	1	1	1	1	2	1	1	2	1	1	1	1	1	1	1	2	2	2	2	2	2	2	2	2	2	2	1	2	2	2	2	2	2	2	2	2	2	2	2	2
